Path: [(0, 0, 0, 3), (0, 0, 1, 1), (0, 0, 3, 0), (0, 0, 2, 2), (0, 0, 1, 2)], Probability: 0.002780914306640625, Active Number: 8
Path: [(0, 0, 0, 3), (0, 0, 1, 1), (0, 0, 3, 0), (0, 0, 2, 2), (0, 0, 2, 1)], Probability: 0.002780914306640625, Active Number: 8
Path: [(0, 0, 0, 12), (1, 1, 1, 0), (0, 0, 14, 0), (2, 2, 2, 2), (0, 0, 1, 14)], Probability: 0.0001466497778892517, Active Number: 11
Path: [(0, 0, 0, 12), (1, 1, 1, 0), (0, 0, 14, 0), (2, 2, 2, 2), (0, 0, 2, 13)], Probability: 0.0001466497778892517, Active Number: 11
Path: [(0, 0, 0, 12), (1, 1, 1, 0), (0, 0, 14, 0), (2, 2, 2, 2), (0, 0, 3, 12)], Probability: 0.0001466497778892517, Active Number: 11
Path: [(0, 0, 0, 12), (1, 1, 1, 0), (0, 0, 14, 0), (2, 2, 2, 2), (0, 0, 4, 11)], Probability: 0.0001466497778892517, Active Number: 11
Path: [(0, 0, 0, 12), (1, 1, 1, 0), (0, 0, 14, 0), (2, 2, 2, 2), (0, 0, 5, 10)], Probability: 0.0001466497778892517, Active Number: 11
Path: [(0, 0, 0, 12), (1, 1, 1, 0), (0, 0, 14, 0), (2, 2, 2, 2), (0, 0, 6, 9)], Probability: 0.0001466497778892517, Active Number: 11
Path: [(0, 0, 0, 12), (1, 1, 1, 0), (0, 0, 14, 0), (2, 2, 2, 2), (0, 0, 7, 8)], Probability: 0.0001466497778892517, Active Number: 11
Path: [(0, 0, 0, 12), (1, 1, 1, 0), (0, 0, 14, 0), (2, 2, 2, 2), (0, 0, 8, 7)], Probability: 0.0001466497778892517, Active Number: 11
Path: [(0, 0, 0, 12), (1, 1, 1, 0), (0, 0, 14, 0), (2, 2, 2, 2), (0, 0, 9, 6)], Probability: 0.0001466497778892517, Active Number: 11
Path: [(0, 0, 0, 12), (1, 1, 1, 0), (0, 0, 14, 0), (2, 2, 2, 2), (0, 0, 10, 5)], Probability: 0.0001466497778892517, Active Number: 11
Path: [(0, 0, 0, 12), (1, 1, 1, 0), (0, 0, 14, 0), (2, 2, 2, 2), (0, 0, 11, 4)], Probability: 0.0001466497778892517, Active Number: 11
Path: [(0, 0, 0, 12), (1, 1, 1, 0), (0, 0, 14, 0), (2, 2, 2, 2), (0, 0, 12, 3)], Probability: 0.0001466497778892517, Active Number: 11
Path: [(0, 0, 0, 12), (1, 1, 1, 0), (0, 0, 14, 0), (2, 2, 2, 2), (0, 0, 13, 2)], Probability: 0.0001466497778892517, Active Number: 11
Path: [(0, 0, 0, 12), (1, 1, 1, 0), (0, 0, 14, 0), (2, 2, 2, 2), (0, 0, 14, 1)], Probability: 0.0001466497778892517, Active Number: 11
Path: [(0, 0, 0, 13), (1, 1, 0, 0), (0, 0, 12, 0), (2, 2, 2, 0), (0, 0, 2, 12)], Probability: 0.0010428428649902344, Active Number: 9
Path: [(0, 0, 0, 13), (1, 1, 0, 0), (0, 0, 12, 0), (2, 2, 2, 0), (0, 0, 4, 10)], Probability: 0.0010428428649902344, Active Number: 9
Path: [(0, 0, 0, 13), (1, 1, 0, 0), (0, 0, 12, 0), (2, 2, 2, 0), (0, 0, 6, 8)], Probability: 0.0010428428649902344, Active Number: 9
Path: [(0, 0, 0, 13), (1, 1, 0, 0), (0, 0, 12, 0), (2, 2, 2, 0), (0, 0, 8, 6)], Probability: 0.0010428428649902344, Active Number: 9
Path: [(0, 0, 0, 13), (1, 1, 0, 0), (0, 0, 12, 0), (2, 2, 2, 0), (0, 0, 10, 4)], Probability: 0.0010428428649902344, Active Number: 9
Path: [(0, 0, 0, 13), (1, 1, 0, 0), (0, 0, 12, 0), (2, 2, 2, 0), (0, 0, 12, 2)], Probability: 0.0010428428649902344, Active Number: 9
Path: [(0, 0, 0, 14), (1, 1, 1, 1), (0, 0, 15, 0), (2, 2, 0, 2), (0, 0, 1, 12)], Probability: 0.0002444162964820862, Active Number: 11
Path: [(0, 0, 0, 14), (1, 1, 1, 1), (0, 0, 15, 0), (2, 2, 0, 2), (0, 0, 4, 9)], Probability: 0.0002444162964820862, Active Number: 11
Path: [(0, 0, 0, 14), (1, 1, 1, 1), (0, 0, 15, 0), (2, 2, 0, 2), (0, 0, 5, 8)], Probability: 0.0002444162964820862, Active Number: 11
Path: [(0, 0, 0, 14), (1, 1, 1, 1), (0, 0, 15, 0), (2, 2, 0, 2), (0, 0, 8, 5)], Probability: 0.0002444162964820862, Active Number: 11
Path: [(0, 0, 0, 14), (1, 1, 1, 1), (0, 0, 15, 0), (2, 2, 0, 2), (0, 0, 9, 4)], Probability: 0.0002444162964820862, Active Number: 11
Path: [(0, 0, 0, 14), (1, 1, 1, 1), (0, 0, 15, 0), (2, 2, 0, 2), (0, 0, 12, 1)], Probability: 0.0002444162964820862, Active Number: 11
Path: [(0, 0, 0, 15), (1, 1, 0, 1), (0, 0, 13, 0), (2, 2, 0, 0), (0, 0, 4, 8)], Probability: 0.0017380714416503906, Active Number: 9
Path: [(0, 0, 0, 15), (1, 1, 0, 1), (0, 0, 13, 0), (2, 2, 0, 0), (0, 0, 8, 4)], Probability: 0.0017380714416503906, Active Number: 9
Path: [(0, 0, 1, 1), (0, 0, 3, 0), (0, 0, 2, 2), (0, 0, 0, 3), (0, 0, 1, 1)], Probability: 0.002780914306640625, Active Number: 8
Path: [(0, 0, 1, 1), (0, 0, 3, 0), (0, 0, 2, 2), (0, 0, 1, 2), (0, 0, 2, 1)], Probability: 0.0010428428649902344, Active Number: 9
Path: [(0, 0, 1, 1), (0, 0, 3, 0), (0, 0, 2, 2), (0, 0, 2, 1), (0, 0, 1, 2)], Probability: 0.0010428428649902344, Active Number: 9
Path: [(0, 0, 1, 1), (0, 0, 3, 0), (0, 0, 2, 2), (0, 0, 3, 0), (0, 0, 2, 2)], Probability: 0.002780914306640625, Active Number: 8
Path: [(0, 0, 1, 2), (0, 0, 2, 1), (0, 0, 1, 2), (0, 0, 2, 1), (0, 0, 1, 2)], Probability: 0.0003910660743713379, Active Number: 10
Path: [(0, 0, 1, 2), (0, 0, 2, 1), (0, 0, 1, 2), (0, 0, 3, 0), (0, 0, 2, 2)], Probability: 0.0010428428649902344, Active Number: 9
Path: [(0, 0, 1, 2), (0, 0, 2, 1), (0, 0, 3, 0), (0, 0, 2, 2), (0, 0, 1, 2)], Probability: 0.0010428428649902344, Active Number: 9
Path: [(0, 0, 1, 2), (0, 0, 2, 1), (0, 0, 3, 0), (0, 0, 2, 2), (0, 0, 2, 1)], Probability: 0.0010428428649902344, Active Number: 9
Path: [(0, 0, 1, 2), (0, 0, 3, 0), (0, 0, 2, 2), (0, 0, 0, 3), (0, 0, 1, 1)], Probability: 0.002780914306640625, Active Number: 8
Path: [(0, 0, 1, 2), (0, 0, 3, 0), (0, 0, 2, 2), (0, 0, 1, 2), (0, 0, 2, 1)], Probability: 0.0010428428649902344, Active Number: 9
Path: [(0, 0, 1, 2), (0, 0, 3, 0), (0, 0, 2, 2), (0, 0, 2, 1), (0, 0, 1, 2)], Probability: 0.0010428428649902344, Active Number: 9
Path: [(0, 0, 1, 2), (0, 0, 3, 0), (0, 0, 2, 2), (0, 0, 3, 0), (0, 0, 2, 2)], Probability: 0.002780914306640625, Active Number: 8
Path: [(0, 0, 1, 3), (0, 0, 3, 1), (0, 0, 3, 2), (0, 0, 2, 3), (0, 0, 1, 3)], Probability: 0.0003910660743713379, Active Number: 10
Path: [(0, 0, 1, 3), (0, 0, 3, 1), (0, 0, 3, 2), (0, 0, 2, 3), (0, 0, 3, 1)], Probability: 0.0003910660743713379, Active Number: 10
Path: [(0, 0, 1, 3), (0, 0, 3, 1), (0, 0, 3, 2), (0, 0, 3, 2), (0, 0, 2, 3)], Probability: 0.0003910660743713379, Active Number: 10
Path: [(0, 0, 1, 3), (0, 0, 3, 1), (0, 0, 3, 2), (0, 0, 3, 2), (0, 0, 3, 2)], Probability: 0.0003910660743713379, Active Number: 10
Path: [(0, 0, 1, 12), (1, 1, 3, 0), (0, 0, 14, 2), (2, 2, 2, 3), (0, 0, 1, 15)], Probability: 2.062262501567602e-05, Active Number: 13
Path: [(0, 0, 1, 12), (1, 1, 3, 0), (0, 0, 14, 2), (2, 2, 2, 3), (0, 0, 3, 13)], Probability: 2.062262501567602e-05, Active Number: 13
Path: [(0, 0, 1, 12), (1, 1, 3, 0), (0, 0, 14, 2), (2, 2, 2, 3), (0, 0, 5, 11)], Probability: 2.062262501567602e-05, Active Number: 13
Path: [(0, 0, 1, 12), (1, 1, 3, 0), (0, 0, 14, 2), (2, 2, 2, 3), (0, 0, 7, 9)], Probability: 2.062262501567602e-05, Active Number: 13
Path: [(0, 0, 1, 12), (1, 1, 3, 0), (0, 0, 14, 2), (2, 2, 2, 3), (0, 0, 9, 7)], Probability: 2.062262501567602e-05, Active Number: 13
Path: [(0, 0, 1, 12), (1, 1, 3, 0), (0, 0, 14, 2), (2, 2, 2, 3), (0, 0, 11, 5)], Probability: 2.062262501567602e-05, Active Number: 13
Path: [(0, 0, 1, 12), (1, 1, 3, 0), (0, 0, 14, 2), (2, 2, 2, 3), (0, 0, 13, 3)], Probability: 2.062262501567602e-05, Active Number: 13
Path: [(0, 0, 1, 12), (1, 1, 3, 0), (0, 0, 14, 2), (2, 2, 2, 3), (0, 0, 15, 1)], Probability: 2.062262501567602e-05, Active Number: 13
Path: [(0, 0, 1, 12), (1, 1, 3, 0), (0, 0, 14, 2), (2, 2, 3, 2), (0, 0, 2, 15)], Probability: 2.062262501567602e-05, Active Number: 13
Path: [(0, 0, 1, 12), (1, 1, 3, 0), (0, 0, 14, 2), (2, 2, 3, 2), (0, 0, 3, 14)], Probability: 2.062262501567602e-05, Active Number: 13
Path: [(0, 0, 1, 12), (1, 1, 3, 0), (0, 0, 14, 2), (2, 2, 3, 2), (0, 0, 6, 11)], Probability: 2.062262501567602e-05, Active Number: 13
Path: [(0, 0, 1, 12), (1, 1, 3, 0), (0, 0, 14, 2), (2, 2, 3, 2), (0, 0, 7, 10)], Probability: 2.062262501567602e-05, Active Number: 13
Path: [(0, 0, 1, 12), (1, 1, 3, 0), (0, 0, 14, 2), (2, 2, 3, 2), (0, 0, 10, 7)], Probability: 2.062262501567602e-05, Active Number: 13
Path: [(0, 0, 1, 12), (1, 1, 3, 0), (0, 0, 14, 2), (2, 2, 3, 2), (0, 0, 11, 6)], Probability: 2.062262501567602e-05, Active Number: 13
Path: [(0, 0, 1, 12), (1, 1, 3, 0), (0, 0, 14, 2), (2, 2, 3, 2), (0, 0, 14, 3)], Probability: 2.062262501567602e-05, Active Number: 13
Path: [(0, 0, 1, 12), (1, 1, 3, 0), (0, 0, 14, 2), (2, 2, 3, 2), (0, 0, 15, 2)], Probability: 2.062262501567602e-05, Active Number: 13
Path: [(0, 0, 1, 13), (1, 1, 2, 0), (0, 0, 12, 2), (2, 2, 2, 1), (0, 0, 1, 14)], Probability: 2.062262501567602e-05, Active Number: 13
Path: [(0, 0, 1, 13), (1, 1, 2, 0), (0, 0, 12, 2), (2, 2, 2, 1), (0, 0, 3, 12)], Probability: 2.062262501567602e-05, Active Number: 13
Path: [(0, 0, 1, 13), (1, 1, 2, 0), (0, 0, 12, 2), (2, 2, 2, 1), (0, 0, 5, 10)], Probability: 2.062262501567602e-05, Active Number: 13
Path: [(0, 0, 1, 13), (1, 1, 2, 0), (0, 0, 12, 2), (2, 2, 2, 1), (0, 0, 7, 8)], Probability: 2.062262501567602e-05, Active Number: 13
Path: [(0, 0, 1, 13), (1, 1, 2, 0), (0, 0, 12, 2), (2, 2, 2, 1), (0, 0, 9, 6)], Probability: 2.062262501567602e-05, Active Number: 13
Path: [(0, 0, 1, 13), (1, 1, 2, 0), (0, 0, 12, 2), (2, 2, 2, 1), (0, 0, 11, 4)], Probability: 2.062262501567602e-05, Active Number: 13
Path: [(0, 0, 1, 13), (1, 1, 2, 0), (0, 0, 12, 2), (2, 2, 2, 1), (0, 0, 13, 2)], Probability: 2.062262501567602e-05, Active Number: 13
Path: [(0, 0, 1, 13), (1, 1, 2, 0), (0, 0, 12, 2), (2, 2, 3, 0), (0, 0, 2, 14)], Probability: 5.499366670846939e-05, Active Number: 12
Path: [(0, 0, 1, 13), (1, 1, 2, 0), (0, 0, 12, 2), (2, 2, 3, 0), (0, 0, 6, 10)], Probability: 5.499366670846939e-05, Active Number: 12
Path: [(0, 0, 1, 13), (1, 1, 2, 0), (0, 0, 12, 2), (2, 2, 3, 0), (0, 0, 10, 6)], Probability: 5.499366670846939e-05, Active Number: 12
Path: [(0, 0, 1, 13), (1, 1, 2, 0), (0, 0, 12, 2), (2, 2, 3, 0), (0, 0, 14, 2)], Probability: 5.499366670846939e-05, Active Number: 12
Path: [(0, 0, 1, 13), (1, 1, 2, 0), (0, 0, 14, 0), (2, 2, 2, 2), (0, 0, 1, 14)], Probability: 5.499366670846939e-05, Active Number: 12
Path: [(0, 0, 1, 13), (1, 1, 2, 0), (0, 0, 14, 0), (2, 2, 2, 2), (0, 0, 2, 13)], Probability: 5.499366670846939e-05, Active Number: 12
Path: [(0, 0, 1, 13), (1, 1, 2, 0), (0, 0, 14, 0), (2, 2, 2, 2), (0, 0, 3, 12)], Probability: 5.499366670846939e-05, Active Number: 12
Path: [(0, 0, 1, 13), (1, 1, 2, 0), (0, 0, 14, 0), (2, 2, 2, 2), (0, 0, 4, 11)], Probability: 5.499366670846939e-05, Active Number: 12
Path: [(0, 0, 1, 13), (1, 1, 2, 0), (0, 0, 14, 0), (2, 2, 2, 2), (0, 0, 5, 10)], Probability: 5.499366670846939e-05, Active Number: 12
Path: [(0, 0, 1, 13), (1, 1, 2, 0), (0, 0, 14, 0), (2, 2, 2, 2), (0, 0, 6, 9)], Probability: 5.499366670846939e-05, Active Number: 12
Path: [(0, 0, 1, 13), (1, 1, 2, 0), (0, 0, 14, 0), (2, 2, 2, 2), (0, 0, 7, 8)], Probability: 5.499366670846939e-05, Active Number: 12
Path: [(0, 0, 1, 13), (1, 1, 2, 0), (0, 0, 14, 0), (2, 2, 2, 2), (0, 0, 8, 7)], Probability: 5.499366670846939e-05, Active Number: 12
Path: [(0, 0, 1, 13), (1, 1, 2, 0), (0, 0, 14, 0), (2, 2, 2, 2), (0, 0, 9, 6)], Probability: 5.499366670846939e-05, Active Number: 12
Path: [(0, 0, 1, 13), (1, 1, 2, 0), (0, 0, 14, 0), (2, 2, 2, 2), (0, 0, 10, 5)], Probability: 5.499366670846939e-05, Active Number: 12
Path: [(0, 0, 1, 13), (1, 1, 2, 0), (0, 0, 14, 0), (2, 2, 2, 2), (0, 0, 11, 4)], Probability: 5.499366670846939e-05, Active Number: 12
Path: [(0, 0, 1, 13), (1, 1, 2, 0), (0, 0, 14, 0), (2, 2, 2, 2), (0, 0, 12, 3)], Probability: 5.499366670846939e-05, Active Number: 12
Path: [(0, 0, 1, 13), (1, 1, 2, 0), (0, 0, 14, 0), (2, 2, 2, 2), (0, 0, 13, 2)], Probability: 5.499366670846939e-05, Active Number: 12
Path: [(0, 0, 1, 13), (1, 1, 2, 0), (0, 0, 14, 0), (2, 2, 2, 2), (0, 0, 14, 1)], Probability: 5.499366670846939e-05, Active Number: 12
Path: [(0, 0, 1, 14), (1, 1, 3, 1), (0, 0, 15, 2), (2, 2, 0, 3), (0, 0, 1, 13)], Probability: 3.437104169279337e-05, Active Number: 13
Path: [(0, 0, 1, 14), (1, 1, 3, 1), (0, 0, 15, 2), (2, 2, 0, 3), (0, 0, 5, 9)], Probability: 3.437104169279337e-05, Active Number: 13
Path: [(0, 0, 1, 14), (1, 1, 3, 1), (0, 0, 15, 2), (2, 2, 0, 3), (0, 0, 9, 5)], Probability: 3.437104169279337e-05, Active Number: 13
Path: [(0, 0, 1, 14), (1, 1, 3, 1), (0, 0, 15, 2), (2, 2, 0, 3), (0, 0, 13, 1)], Probability: 3.437104169279337e-05, Active Number: 13
Path: [(0, 0, 1, 14), (1, 1, 3, 1), (0, 0, 15, 2), (2, 2, 1, 2), (0, 0, 2, 13)], Probability: 1.2889140634797513e-05, Active Number: 14
Path: [(0, 0, 1, 14), (1, 1, 3, 1), (0, 0, 15, 2), (2, 2, 1, 2), (0, 0, 3, 12)], Probability: 1.2889140634797513e-05, Active Number: 14
Path: [(0, 0, 1, 14), (1, 1, 3, 1), (0, 0, 15, 2), (2, 2, 1, 2), (0, 0, 6, 9)], Probability: 1.2889140634797513e-05, Active Number: 14
Path: [(0, 0, 1, 14), (1, 1, 3, 1), (0, 0, 15, 2), (2, 2, 1, 2), (0, 0, 7, 8)], Probability: 1.2889140634797513e-05, Active Number: 14
Path: [(0, 0, 1, 14), (1, 1, 3, 1), (0, 0, 15, 2), (2, 2, 1, 2), (0, 0, 10, 5)], Probability: 1.2889140634797513e-05, Active Number: 14
Path: [(0, 0, 1, 14), (1, 1, 3, 1), (0, 0, 15, 2), (2, 2, 1, 2), (0, 0, 11, 4)], Probability: 1.2889140634797513e-05, Active Number: 14
Path: [(0, 0, 1, 14), (1, 1, 3, 1), (0, 0, 15, 2), (2, 2, 1, 2), (0, 0, 14, 1)], Probability: 1.2889140634797513e-05, Active Number: 14
Path: [(0, 0, 1, 15), (1, 1, 2, 1), (0, 0, 13, 2), (2, 2, 0, 1), (0, 0, 1, 12)], Probability: 3.437104169279337e-05, Active Number: 13
Path: [(0, 0, 1, 15), (1, 1, 2, 1), (0, 0, 13, 2), (2, 2, 0, 1), (0, 0, 5, 8)], Probability: 3.437104169279337e-05, Active Number: 13
Path: [(0, 0, 1, 15), (1, 1, 2, 1), (0, 0, 13, 2), (2, 2, 0, 1), (0, 0, 9, 4)], Probability: 3.437104169279337e-05, Active Number: 13
Path: [(0, 0, 1, 15), (1, 1, 2, 1), (0, 0, 13, 2), (2, 2, 1, 0), (0, 0, 2, 12)], Probability: 3.437104169279337e-05, Active Number: 13
Path: [(0, 0, 1, 15), (1, 1, 2, 1), (0, 0, 13, 2), (2, 2, 1, 0), (0, 0, 6, 8)], Probability: 3.437104169279337e-05, Active Number: 13
Path: [(0, 0, 1, 15), (1, 1, 2, 1), (0, 0, 13, 2), (2, 2, 1, 0), (0, 0, 10, 4)], Probability: 3.437104169279337e-05, Active Number: 13
Path: [(0, 0, 1, 15), (1, 1, 2, 1), (0, 0, 15, 0), (2, 2, 0, 2), (0, 0, 1, 12)], Probability: 0.00015276018530130386, Active Number: 12
Path: [(0, 0, 1, 15), (1, 1, 2, 1), (0, 0, 15, 0), (2, 2, 0, 2), (0, 0, 4, 9)], Probability: 0.00015276018530130386, Active Number: 12
Path: [(0, 0, 1, 15), (1, 1, 2, 1), (0, 0, 15, 0), (2, 2, 0, 2), (0, 0, 5, 8)], Probability: 0.00015276018530130386, Active Number: 12
Path: [(0, 0, 1, 15), (1, 1, 2, 1), (0, 0, 15, 0), (2, 2, 0, 2), (0, 0, 8, 5)], Probability: 0.00015276018530130386, Active Number: 12
Path: [(0, 0, 1, 15), (1, 1, 2, 1), (0, 0, 15, 0), (2, 2, 0, 2), (0, 0, 9, 4)], Probability: 0.00015276018530130386, Active Number: 12
Path: [(0, 0, 1, 15), (1, 1, 2, 1), (0, 0, 15, 0), (2, 2, 0, 2), (0, 0, 12, 1)], Probability: 0.00015276018530130386, Active Number: 12
Path: [(0, 0, 2, 1), (0, 0, 1, 2), (0, 0, 2, 1), (0, 0, 1, 2), (0, 0, 2, 1)], Probability: 0.0003910660743713379, Active Number: 10
Path: [(0, 0, 2, 1), (0, 0, 1, 2), (0, 0, 2, 1), (0, 0, 3, 0), (0, 0, 2, 2)], Probability: 0.0010428428649902344, Active Number: 9
Path: [(0, 0, 2, 1), (0, 0, 1, 2), (0, 0, 3, 0), (0, 0, 2, 2), (0, 0, 1, 2)], Probability: 0.0010428428649902344, Active Number: 9
Path: [(0, 0, 2, 1), (0, 0, 1, 2), (0, 0, 3, 0), (0, 0, 2, 2), (0, 0, 2, 1)], Probability: 0.0010428428649902344, Active Number: 9
Path: [(0, 0, 2, 1), (0, 0, 3, 0), (0, 0, 2, 2), (0, 0, 0, 3), (0, 0, 1, 1)], Probability: 0.002780914306640625, Active Number: 8
Path: [(0, 0, 2, 1), (0, 0, 3, 0), (0, 0, 2, 2), (0, 0, 1, 2), (0, 0, 2, 1)], Probability: 0.0010428428649902344, Active Number: 9
Path: [(0, 0, 2, 1), (0, 0, 3, 0), (0, 0, 2, 2), (0, 0, 2, 1), (0, 0, 1, 2)], Probability: 0.0010428428649902344, Active Number: 9
Path: [(0, 0, 2, 1), (0, 0, 3, 0), (0, 0, 2, 2), (0, 0, 3, 0), (0, 0, 2, 2)], Probability: 0.002780914306640625, Active Number: 8
Path: [(0, 0, 2, 2), (0, 0, 0, 3), (0, 0, 1, 1), (0, 0, 3, 0), (0, 0, 2, 2)], Probability: 0.002780914306640625, Active Number: 8
Path: [(0, 0, 2, 2), (0, 0, 1, 2), (0, 0, 2, 1), (0, 0, 1, 2), (0, 0, 2, 1)], Probability: 0.0003910660743713379, Active Number: 10
Path: [(0, 0, 2, 2), (0, 0, 1, 2), (0, 0, 2, 1), (0, 0, 3, 0), (0, 0, 2, 2)], Probability: 0.0010428428649902344, Active Number: 9
Path: [(0, 0, 2, 2), (0, 0, 1, 2), (0, 0, 3, 0), (0, 0, 2, 2), (0, 0, 1, 2)], Probability: 0.0010428428649902344, Active Number: 9
Path: [(0, 0, 2, 2), (0, 0, 1, 2), (0, 0, 3, 0), (0, 0, 2, 2), (0, 0, 2, 1)], Probability: 0.0010428428649902344, Active Number: 9
Path: [(0, 0, 2, 2), (0, 0, 2, 1), (0, 0, 1, 2), (0, 0, 2, 1), (0, 0, 1, 2)], Probability: 0.0003910660743713379, Active Number: 10
Path: [(0, 0, 2, 2), (0, 0, 2, 1), (0, 0, 1, 2), (0, 0, 3, 0), (0, 0, 2, 2)], Probability: 0.0010428428649902344, Active Number: 9
Path: [(0, 0, 2, 2), (0, 0, 2, 1), (0, 0, 3, 0), (0, 0, 2, 2), (0, 0, 1, 2)], Probability: 0.0010428428649902344, Active Number: 9
Path: [(0, 0, 2, 2), (0, 0, 2, 1), (0, 0, 3, 0), (0, 0, 2, 2), (0, 0, 2, 1)], Probability: 0.0010428428649902344, Active Number: 9
Path: [(0, 0, 2, 2), (0, 0, 3, 0), (0, 0, 2, 2), (0, 0, 0, 3), (0, 0, 1, 1)], Probability: 0.002780914306640625, Active Number: 8
Path: [(0, 0, 2, 2), (0, 0, 3, 0), (0, 0, 2, 2), (0, 0, 1, 2), (0, 0, 2, 1)], Probability: 0.0010428428649902344, Active Number: 9
Path: [(0, 0, 2, 2), (0, 0, 3, 0), (0, 0, 2, 2), (0, 0, 2, 1), (0, 0, 1, 2)], Probability: 0.0010428428649902344, Active Number: 9
Path: [(0, 0, 2, 2), (0, 0, 3, 0), (0, 0, 2, 2), (0, 0, 3, 0), (0, 0, 2, 2)], Probability: 0.002780914306640625, Active Number: 8
Path: [(0, 0, 2, 3), (0, 0, 1, 3), (0, 0, 3, 1), (0, 0, 3, 2), (0, 0, 2, 3)], Probability: 0.0003910660743713379, Active Number: 10
Path: [(0, 0, 2, 3), (0, 0, 1, 3), (0, 0, 3, 1), (0, 0, 3, 2), (0, 0, 3, 2)], Probability: 0.0003910660743713379, Active Number: 10
Path: [(0, 0, 2, 3), (0, 0, 3, 1), (0, 0, 3, 2), (0, 0, 2, 3), (0, 0, 1, 3)], Probability: 0.0003910660743713379, Active Number: 10
Path: [(0, 0, 2, 3), (0, 0, 3, 1), (0, 0, 3, 2), (0, 0, 2, 3), (0, 0, 3, 1)], Probability: 0.0003910660743713379, Active Number: 10
Path: [(0, 0, 2, 3), (0, 0, 3, 1), (0, 0, 3, 2), (0, 0, 3, 2), (0, 0, 2, 3)], Probability: 0.0003910660743713379, Active Number: 10
Path: [(0, 0, 2, 3), (0, 0, 3, 1), (0, 0, 3, 2), (0, 0, 3, 2), (0, 0, 3, 2)], Probability: 0.0003910660743713379, Active Number: 10
Path: [(0, 0, 2, 12), (1, 1, 1, 2), (0, 0, 14, 1), (2, 2, 3, 2), (0, 0, 2, 15)], Probability: 7.733484380878508e-06, Active Number: 14
Path: [(0, 0, 2, 12), (1, 1, 1, 2), (0, 0, 14, 1), (2, 2, 3, 2), (0, 0, 3, 14)], Probability: 7.733484380878508e-06, Active Number: 14
Path: [(0, 0, 2, 12), (1, 1, 1, 2), (0, 0, 14, 1), (2, 2, 3, 2), (0, 0, 6, 11)], Probability: 7.733484380878508e-06, Active Number: 14
Path: [(0, 0, 2, 12), (1, 1, 1, 2), (0, 0, 14, 1), (2, 2, 3, 2), (0, 0, 7, 10)], Probability: 7.733484380878508e-06, Active Number: 14
Path: [(0, 0, 2, 12), (1, 1, 1, 2), (0, 0, 14, 1), (2, 2, 3, 2), (0, 0, 10, 7)], Probability: 7.733484380878508e-06, Active Number: 14
Path: [(0, 0, 2, 12), (1, 1, 1, 2), (0, 0, 14, 1), (2, 2, 3, 2), (0, 0, 11, 6)], Probability: 7.733484380878508e-06, Active Number: 14
Path: [(0, 0, 2, 12), (1, 1, 1, 2), (0, 0, 14, 1), (2, 2, 3, 2), (0, 0, 14, 3)], Probability: 7.733484380878508e-06, Active Number: 14
Path: [(0, 0, 2, 12), (1, 1, 1, 2), (0, 0, 14, 1), (2, 2, 3, 2), (0, 0, 15, 2)], Probability: 7.733484380878508e-06, Active Number: 14
Path: [(0, 0, 2, 12), (1, 1, 1, 2), (0, 0, 15, 0), (2, 2, 0, 2), (0, 0, 1, 12)], Probability: 9.165611118078232e-05, Active Number: 12
Path: [(0, 0, 2, 12), (1, 1, 1, 2), (0, 0, 15, 0), (2, 2, 0, 2), (0, 0, 4, 9)], Probability: 9.165611118078232e-05, Active Number: 12
Path: [(0, 0, 2, 12), (1, 1, 1, 2), (0, 0, 15, 0), (2, 2, 0, 2), (0, 0, 5, 8)], Probability: 9.165611118078232e-05, Active Number: 12
Path: [(0, 0, 2, 12), (1, 1, 1, 2), (0, 0, 15, 0), (2, 2, 0, 2), (0, 0, 8, 5)], Probability: 9.165611118078232e-05, Active Number: 12
Path: [(0, 0, 2, 12), (1, 1, 1, 2), (0, 0, 15, 0), (2, 2, 0, 2), (0, 0, 9, 4)], Probability: 9.165611118078232e-05, Active Number: 12
Path: [(0, 0, 2, 12), (1, 1, 1, 2), (0, 0, 15, 0), (2, 2, 0, 2), (0, 0, 12, 1)], Probability: 9.165611118078232e-05, Active Number: 12
Path: [(0, 0, 2, 12), (1, 1, 3, 0), (0, 0, 14, 2), (2, 2, 2, 3), (0, 0, 1, 15)], Probability: 2.062262501567602e-05, Active Number: 13
Path: [(0, 0, 2, 12), (1, 1, 3, 0), (0, 0, 14, 2), (2, 2, 2, 3), (0, 0, 3, 13)], Probability: 2.062262501567602e-05, Active Number: 13
Path: [(0, 0, 2, 12), (1, 1, 3, 0), (0, 0, 14, 2), (2, 2, 2, 3), (0, 0, 5, 11)], Probability: 2.062262501567602e-05, Active Number: 13
Path: [(0, 0, 2, 12), (1, 1, 3, 0), (0, 0, 14, 2), (2, 2, 2, 3), (0, 0, 7, 9)], Probability: 2.062262501567602e-05, Active Number: 13
Path: [(0, 0, 2, 12), (1, 1, 3, 0), (0, 0, 14, 2), (2, 2, 2, 3), (0, 0, 9, 7)], Probability: 2.062262501567602e-05, Active Number: 13
Path: [(0, 0, 2, 12), (1, 1, 3, 0), (0, 0, 14, 2), (2, 2, 2, 3), (0, 0, 11, 5)], Probability: 2.062262501567602e-05, Active Number: 13
Path: [(0, 0, 2, 12), (1, 1, 3, 0), (0, 0, 14, 2), (2, 2, 2, 3), (0, 0, 13, 3)], Probability: 2.062262501567602e-05, Active Number: 13
Path: [(0, 0, 2, 12), (1, 1, 3, 0), (0, 0, 14, 2), (2, 2, 2, 3), (0, 0, 15, 1)], Probability: 2.062262501567602e-05, Active Number: 13
Path: [(0, 0, 2, 12), (1, 1, 3, 0), (0, 0, 14, 2), (2, 2, 3, 2), (0, 0, 2, 15)], Probability: 2.062262501567602e-05, Active Number: 13
Path: [(0, 0, 2, 12), (1, 1, 3, 0), (0, 0, 14, 2), (2, 2, 3, 2), (0, 0, 3, 14)], Probability: 2.062262501567602e-05, Active Number: 13
Path: [(0, 0, 2, 12), (1, 1, 3, 0), (0, 0, 14, 2), (2, 2, 3, 2), (0, 0, 6, 11)], Probability: 2.062262501567602e-05, Active Number: 13
Path: [(0, 0, 2, 12), (1, 1, 3, 0), (0, 0, 14, 2), (2, 2, 3, 2), (0, 0, 7, 10)], Probability: 2.062262501567602e-05, Active Number: 13
Path: [(0, 0, 2, 12), (1, 1, 3, 0), (0, 0, 14, 2), (2, 2, 3, 2), (0, 0, 10, 7)], Probability: 2.062262501567602e-05, Active Number: 13
Path: [(0, 0, 2, 12), (1, 1, 3, 0), (0, 0, 14, 2), (2, 2, 3, 2), (0, 0, 11, 6)], Probability: 2.062262501567602e-05, Active Number: 13
Path: [(0, 0, 2, 12), (1, 1, 3, 0), (0, 0, 14, 2), (2, 2, 3, 2), (0, 0, 14, 3)], Probability: 2.062262501567602e-05, Active Number: 13
Path: [(0, 0, 2, 12), (1, 1, 3, 0), (0, 0, 14, 2), (2, 2, 3, 2), (0, 0, 15, 2)], Probability: 2.062262501567602e-05, Active Number: 13
Path: [(0, 0, 2, 13), (1, 1, 0, 2), (0, 0, 12, 1), (2, 2, 3, 0), (0, 0, 2, 14)], Probability: 5.499366670846939e-05, Active Number: 12
Path: [(0, 0, 2, 13), (1, 1, 0, 2), (0, 0, 12, 1), (2, 2, 3, 0), (0, 0, 6, 10)], Probability: 5.499366670846939e-05, Active Number: 12
Path: [(0, 0, 2, 13), (1, 1, 0, 2), (0, 0, 12, 1), (2, 2, 3, 0), (0, 0, 10, 6)], Probability: 5.499366670846939e-05, Active Number: 12
Path: [(0, 0, 2, 13), (1, 1, 0, 2), (0, 0, 12, 1), (2, 2, 3, 0), (0, 0, 14, 2)], Probability: 5.499366670846939e-05, Active Number: 12
Path: [(0, 0, 2, 13), (1, 1, 0, 2), (0, 0, 13, 0), (2, 2, 0, 0), (0, 0, 4, 8)], Probability: 0.0003910660743713379, Active Number: 10
Path: [(0, 0, 2, 13), (1, 1, 0, 2), (0, 0, 13, 0), (2, 2, 0, 0), (0, 0, 8, 4)], Probability: 0.0003910660743713379, Active Number: 10
Path: [(0, 0, 2, 13), (1, 1, 2, 0), (0, 0, 12, 2), (2, 2, 2, 1), (0, 0, 1, 14)], Probability: 2.062262501567602e-05, Active Number: 13
Path: [(0, 0, 2, 13), (1, 1, 2, 0), (0, 0, 12, 2), (2, 2, 2, 1), (0, 0, 3, 12)], Probability: 2.062262501567602e-05, Active Number: 13
Path: [(0, 0, 2, 13), (1, 1, 2, 0), (0, 0, 12, 2), (2, 2, 2, 1), (0, 0, 5, 10)], Probability: 2.062262501567602e-05, Active Number: 13
Path: [(0, 0, 2, 13), (1, 1, 2, 0), (0, 0, 12, 2), (2, 2, 2, 1), (0, 0, 7, 8)], Probability: 2.062262501567602e-05, Active Number: 13
Path: [(0, 0, 2, 13), (1, 1, 2, 0), (0, 0, 12, 2), (2, 2, 2, 1), (0, 0, 9, 6)], Probability: 2.062262501567602e-05, Active Number: 13
Path: [(0, 0, 2, 13), (1, 1, 2, 0), (0, 0, 12, 2), (2, 2, 2, 1), (0, 0, 11, 4)], Probability: 2.062262501567602e-05, Active Number: 13
Path: [(0, 0, 2, 13), (1, 1, 2, 0), (0, 0, 12, 2), (2, 2, 2, 1), (0, 0, 13, 2)], Probability: 2.062262501567602e-05, Active Number: 13
Path: [(0, 0, 2, 13), (1, 1, 2, 0), (0, 0, 12, 2), (2, 2, 3, 0), (0, 0, 2, 14)], Probability: 5.499366670846939e-05, Active Number: 12
Path: [(0, 0, 2, 13), (1, 1, 2, 0), (0, 0, 12, 2), (2, 2, 3, 0), (0, 0, 6, 10)], Probability: 5.499366670846939e-05, Active Number: 12
Path: [(0, 0, 2, 13), (1, 1, 2, 0), (0, 0, 12, 2), (2, 2, 3, 0), (0, 0, 10, 6)], Probability: 5.499366670846939e-05, Active Number: 12
Path: [(0, 0, 2, 13), (1, 1, 2, 0), (0, 0, 12, 2), (2, 2, 3, 0), (0, 0, 14, 2)], Probability: 5.499366670846939e-05, Active Number: 12
Path: [(0, 0, 2, 13), (1, 1, 2, 0), (0, 0, 14, 0), (2, 2, 2, 2), (0, 0, 1, 14)], Probability: 5.499366670846939e-05, Active Number: 12
Path: [(0, 0, 2, 13), (1, 1, 2, 0), (0, 0, 14, 0), (2, 2, 2, 2), (0, 0, 2, 13)], Probability: 5.499366670846939e-05, Active Number: 12
Path: [(0, 0, 2, 13), (1, 1, 2, 0), (0, 0, 14, 0), (2, 2, 2, 2), (0, 0, 3, 12)], Probability: 5.499366670846939e-05, Active Number: 12
Path: [(0, 0, 2, 13), (1, 1, 2, 0), (0, 0, 14, 0), (2, 2, 2, 2), (0, 0, 4, 11)], Probability: 5.499366670846939e-05, Active Number: 12
Path: [(0, 0, 2, 13), (1, 1, 2, 0), (0, 0, 14, 0), (2, 2, 2, 2), (0, 0, 5, 10)], Probability: 5.499366670846939e-05, Active Number: 12
Path: [(0, 0, 2, 13), (1, 1, 2, 0), (0, 0, 14, 0), (2, 2, 2, 2), (0, 0, 6, 9)], Probability: 5.499366670846939e-05, Active Number: 12
Path: [(0, 0, 2, 13), (1, 1, 2, 0), (0, 0, 14, 0), (2, 2, 2, 2), (0, 0, 7, 8)], Probability: 5.499366670846939e-05, Active Number: 12
Path: [(0, 0, 2, 13), (1, 1, 2, 0), (0, 0, 14, 0), (2, 2, 2, 2), (0, 0, 8, 7)], Probability: 5.499366670846939e-05, Active Number: 12
Path: [(0, 0, 2, 13), (1, 1, 2, 0), (0, 0, 14, 0), (2, 2, 2, 2), (0, 0, 9, 6)], Probability: 5.499366670846939e-05, Active Number: 12
Path: [(0, 0, 2, 13), (1, 1, 2, 0), (0, 0, 14, 0), (2, 2, 2, 2), (0, 0, 10, 5)], Probability: 5.499366670846939e-05, Active Number: 12
Path: [(0, 0, 2, 13), (1, 1, 2, 0), (0, 0, 14, 0), (2, 2, 2, 2), (0, 0, 11, 4)], Probability: 5.499366670846939e-05, Active Number: 12
Path: [(0, 0, 2, 13), (1, 1, 2, 0), (0, 0, 14, 0), (2, 2, 2, 2), (0, 0, 12, 3)], Probability: 5.499366670846939e-05, Active Number: 12
Path: [(0, 0, 2, 13), (1, 1, 2, 0), (0, 0, 14, 0), (2, 2, 2, 2), (0, 0, 13, 2)], Probability: 5.499366670846939e-05, Active Number: 12
Path: [(0, 0, 2, 13), (1, 1, 2, 0), (0, 0, 14, 0), (2, 2, 2, 2), (0, 0, 14, 1)], Probability: 5.499366670846939e-05, Active Number: 12
Path: [(0, 0, 2, 14), (1, 1, 1, 3), (0, 0, 15, 1), (2, 2, 1, 2), (0, 0, 2, 13)], Probability: 1.2889140634797513e-05, Active Number: 14
Path: [(0, 0, 2, 14), (1, 1, 1, 3), (0, 0, 15, 1), (2, 2, 1, 2), (0, 0, 3, 12)], Probability: 1.2889140634797513e-05, Active Number: 14
Path: [(0, 0, 2, 14), (1, 1, 1, 3), (0, 0, 15, 1), (2, 2, 1, 2), (0, 0, 6, 9)], Probability: 1.2889140634797513e-05, Active Number: 14
Path: [(0, 0, 2, 14), (1, 1, 1, 3), (0, 0, 15, 1), (2, 2, 1, 2), (0, 0, 7, 8)], Probability: 1.2889140634797513e-05, Active Number: 14
Path: [(0, 0, 2, 14), (1, 1, 1, 3), (0, 0, 15, 1), (2, 2, 1, 2), (0, 0, 10, 5)], Probability: 1.2889140634797513e-05, Active Number: 14
Path: [(0, 0, 2, 14), (1, 1, 1, 3), (0, 0, 15, 1), (2, 2, 1, 2), (0, 0, 11, 4)], Probability: 1.2889140634797513e-05, Active Number: 14
Path: [(0, 0, 2, 14), (1, 1, 1, 3), (0, 0, 15, 1), (2, 2, 1, 2), (0, 0, 14, 1)], Probability: 1.2889140634797513e-05, Active Number: 14
Path: [(0, 0, 2, 14), (1, 1, 3, 1), (0, 0, 15, 2), (2, 2, 0, 3), (0, 0, 1, 13)], Probability: 3.437104169279337e-05, Active Number: 13
Path: [(0, 0, 2, 14), (1, 1, 3, 1), (0, 0, 15, 2), (2, 2, 0, 3), (0, 0, 5, 9)], Probability: 3.437104169279337e-05, Active Number: 13
Path: [(0, 0, 2, 14), (1, 1, 3, 1), (0, 0, 15, 2), (2, 2, 0, 3), (0, 0, 9, 5)], Probability: 3.437104169279337e-05, Active Number: 13
Path: [(0, 0, 2, 14), (1, 1, 3, 1), (0, 0, 15, 2), (2, 2, 0, 3), (0, 0, 13, 1)], Probability: 3.437104169279337e-05, Active Number: 13
Path: [(0, 0, 2, 14), (1, 1, 3, 1), (0, 0, 15, 2), (2, 2, 1, 2), (0, 0, 2, 13)], Probability: 1.2889140634797513e-05, Active Number: 14
Path: [(0, 0, 2, 14), (1, 1, 3, 1), (0, 0, 15, 2), (2, 2, 1, 2), (0, 0, 3, 12)], Probability: 1.2889140634797513e-05, Active Number: 14
Path: [(0, 0, 2, 14), (1, 1, 3, 1), (0, 0, 15, 2), (2, 2, 1, 2), (0, 0, 6, 9)], Probability: 1.2889140634797513e-05, Active Number: 14
Path: [(0, 0, 2, 14), (1, 1, 3, 1), (0, 0, 15, 2), (2, 2, 1, 2), (0, 0, 7, 8)], Probability: 1.2889140634797513e-05, Active Number: 14
Path: [(0, 0, 2, 14), (1, 1, 3, 1), (0, 0, 15, 2), (2, 2, 1, 2), (0, 0, 10, 5)], Probability: 1.2889140634797513e-05, Active Number: 14
Path: [(0, 0, 2, 14), (1, 1, 3, 1), (0, 0, 15, 2), (2, 2, 1, 2), (0, 0, 11, 4)], Probability: 1.2889140634797513e-05, Active Number: 14
Path: [(0, 0, 2, 14), (1, 1, 3, 1), (0, 0, 15, 2), (2, 2, 1, 2), (0, 0, 14, 1)], Probability: 1.2889140634797513e-05, Active Number: 14
Path: [(0, 0, 2, 15), (1, 1, 0, 3), (0, 0, 13, 1), (2, 2, 1, 0), (0, 0, 2, 12)], Probability: 9.165611118078232e-05, Active Number: 12
Path: [(0, 0, 2, 15), (1, 1, 0, 3), (0, 0, 13, 1), (2, 2, 1, 0), (0, 0, 6, 8)], Probability: 9.165611118078232e-05, Active Number: 12
Path: [(0, 0, 2, 15), (1, 1, 0, 3), (0, 0, 13, 1), (2, 2, 1, 0), (0, 0, 10, 4)], Probability: 9.165611118078232e-05, Active Number: 12
Path: [(0, 0, 2, 15), (1, 1, 2, 1), (0, 0, 13, 2), (2, 2, 0, 1), (0, 0, 1, 12)], Probability: 3.437104169279337e-05, Active Number: 13
Path: [(0, 0, 2, 15), (1, 1, 2, 1), (0, 0, 13, 2), (2, 2, 0, 1), (0, 0, 5, 8)], Probability: 3.437104169279337e-05, Active Number: 13
Path: [(0, 0, 2, 15), (1, 1, 2, 1), (0, 0, 13, 2), (2, 2, 0, 1), (0, 0, 9, 4)], Probability: 3.437104169279337e-05, Active Number: 13
Path: [(0, 0, 2, 15), (1, 1, 2, 1), (0, 0, 13, 2), (2, 2, 1, 0), (0, 0, 2, 12)], Probability: 3.437104169279337e-05, Active Number: 13
Path: [(0, 0, 2, 15), (1, 1, 2, 1), (0, 0, 13, 2), (2, 2, 1, 0), (0, 0, 6, 8)], Probability: 3.437104169279337e-05, Active Number: 13
Path: [(0, 0, 2, 15), (1, 1, 2, 1), (0, 0, 13, 2), (2, 2, 1, 0), (0, 0, 10, 4)], Probability: 3.437104169279337e-05, Active Number: 13
Path: [(0, 0, 2, 15), (1, 1, 2, 1), (0, 0, 15, 0), (2, 2, 0, 2), (0, 0, 1, 12)], Probability: 0.00015276018530130386, Active Number: 12
Path: [(0, 0, 2, 15), (1, 1, 2, 1), (0, 0, 15, 0), (2, 2, 0, 2), (0, 0, 4, 9)], Probability: 0.00015276018530130386, Active Number: 12
Path: [(0, 0, 2, 15), (1, 1, 2, 1), (0, 0, 15, 0), (2, 2, 0, 2), (0, 0, 5, 8)], Probability: 0.00015276018530130386, Active Number: 12
Path: [(0, 0, 2, 15), (1, 1, 2, 1), (0, 0, 15, 0), (2, 2, 0, 2), (0, 0, 8, 5)], Probability: 0.00015276018530130386, Active Number: 12
Path: [(0, 0, 2, 15), (1, 1, 2, 1), (0, 0, 15, 0), (2, 2, 0, 2), (0, 0, 9, 4)], Probability: 0.00015276018530130386, Active Number: 12
Path: [(0, 0, 2, 15), (1, 1, 2, 1), (0, 0, 15, 0), (2, 2, 0, 2), (0, 0, 12, 1)], Probability: 0.00015276018530130386, Active Number: 12
Path: [(0, 0, 3, 0), (0, 0, 2, 2), (0, 0, 1, 2), (0, 0, 2, 1), (0, 0, 1, 2)], Probability: 0.0010428428649902344, Active Number: 9
Path: [(0, 0, 3, 0), (0, 0, 2, 2), (0, 0, 1, 2), (0, 0, 3, 0), (0, 0, 2, 2)], Probability: 0.002780914306640625, Active Number: 8
Path: [(0, 0, 3, 0), (0, 0, 2, 2), (0, 0, 2, 1), (0, 0, 1, 2), (0, 0, 2, 1)], Probability: 0.0010428428649902344, Active Number: 9
Path: [(0, 0, 3, 0), (0, 0, 2, 2), (0, 0, 2, 1), (0, 0, 3, 0), (0, 0, 2, 2)], Probability: 0.002780914306640625, Active Number: 8
Path: [(0, 0, 3, 0), (0, 0, 2, 2), (0, 0, 3, 0), (0, 0, 2, 2), (0, 0, 1, 2)], Probability: 0.002780914306640625, Active Number: 8
Path: [(0, 0, 3, 0), (0, 0, 2, 2), (0, 0, 3, 0), (0, 0, 2, 2), (0, 0, 2, 1)], Probability: 0.002780914306640625, Active Number: 8
Path: [(0, 0, 3, 1), (0, 0, 3, 2), (0, 0, 2, 3), (0, 0, 1, 3), (0, 0, 3, 1)], Probability: 0.0003910660743713379, Active Number: 10
Path: [(0, 0, 3, 1), (0, 0, 3, 2), (0, 0, 2, 3), (0, 0, 3, 1), (0, 0, 3, 2)], Probability: 0.0003910660743713379, Active Number: 10
Path: [(0, 0, 3, 1), (0, 0, 3, 2), (0, 0, 3, 2), (0, 0, 2, 3), (0, 0, 1, 3)], Probability: 0.0003910660743713379, Active Number: 10
Path: [(0, 0, 3, 1), (0, 0, 3, 2), (0, 0, 3, 2), (0, 0, 2, 3), (0, 0, 3, 1)], Probability: 0.0003910660743713379, Active Number: 10
Path: [(0, 0, 3, 1), (0, 0, 3, 2), (0, 0, 3, 2), (0, 0, 3, 2), (0, 0, 2, 3)], Probability: 0.0003910660743713379, Active Number: 10
Path: [(0, 0, 3, 1), (0, 0, 3, 2), (0, 0, 3, 2), (0, 0, 3, 2), (0, 0, 3, 2)], Probability: 0.0003910660743713379, Active Number: 10
Path: [(0, 0, 3, 2), (0, 0, 2, 3), (0, 0, 1, 3), (0, 0, 3, 1), (0, 0, 3, 2)], Probability: 0.0003910660743713379, Active Number: 10
Path: [(0, 0, 3, 2), (0, 0, 2, 3), (0, 0, 3, 1), (0, 0, 3, 2), (0, 0, 2, 3)], Probability: 0.0003910660743713379, Active Number: 10
Path: [(0, 0, 3, 2), (0, 0, 2, 3), (0, 0, 3, 1), (0, 0, 3, 2), (0, 0, 3, 2)], Probability: 0.0003910660743713379, Active Number: 10
Path: [(0, 0, 3, 2), (0, 0, 3, 2), (0, 0, 2, 3), (0, 0, 1, 3), (0, 0, 3, 1)], Probability: 0.0003910660743713379, Active Number: 10
Path: [(0, 0, 3, 2), (0, 0, 3, 2), (0, 0, 2, 3), (0, 0, 3, 1), (0, 0, 3, 2)], Probability: 0.0003910660743713379, Active Number: 10
Path: [(0, 0, 3, 2), (0, 0, 3, 2), (0, 0, 3, 2), (0, 0, 2, 3), (0, 0, 1, 3)], Probability: 0.0003910660743713379, Active Number: 10
Path: [(0, 0, 3, 2), (0, 0, 3, 2), (0, 0, 3, 2), (0, 0, 2, 3), (0, 0, 3, 1)], Probability: 0.0003910660743713379, Active Number: 10
Path: [(0, 0, 3, 2), (0, 0, 3, 2), (0, 0, 3, 2), (0, 0, 3, 2), (0, 0, 2, 3)], Probability: 0.0003910660743713379, Active Number: 10
Path: [(0, 0, 3, 2), (0, 0, 3, 2), (0, 0, 3, 2), (0, 0, 3, 2), (0, 0, 3, 2)], Probability: 0.0003910660743713379, Active Number: 10
Path: [(0, 0, 3, 3), (0, 0, 3, 3), (0, 0, 3, 3), (0, 0, 3, 3), (0, 0, 3, 3)], Probability: 0.0003910660743713379, Active Number: 10
Path: [(0, 0, 3, 12), (1, 1, 3, 2), (0, 0, 14, 3), (2, 2, 3, 3), (0, 0, 3, 15)], Probability: 7.733484380878508e-06, Active Number: 14
Path: [(0, 0, 3, 12), (1, 1, 3, 2), (0, 0, 14, 3), (2, 2, 3, 3), (0, 0, 7, 11)], Probability: 7.733484380878508e-06, Active Number: 14
Path: [(0, 0, 3, 12), (1, 1, 3, 2), (0, 0, 14, 3), (2, 2, 3, 3), (0, 0, 11, 7)], Probability: 7.733484380878508e-06, Active Number: 14
Path: [(0, 0, 3, 12), (1, 1, 3, 2), (0, 0, 14, 3), (2, 2, 3, 3), (0, 0, 15, 3)], Probability: 7.733484380878508e-06, Active Number: 14
Path: [(0, 0, 3, 12), (1, 1, 3, 2), (0, 0, 15, 2), (2, 2, 0, 3), (0, 0, 1, 13)], Probability: 3.437104169279337e-05, Active Number: 13
Path: [(0, 0, 3, 12), (1, 1, 3, 2), (0, 0, 15, 2), (2, 2, 0, 3), (0, 0, 5, 9)], Probability: 3.437104169279337e-05, Active Number: 13
Path: [(0, 0, 3, 12), (1, 1, 3, 2), (0, 0, 15, 2), (2, 2, 0, 3), (0, 0, 9, 5)], Probability: 3.437104169279337e-05, Active Number: 13
Path: [(0, 0, 3, 12), (1, 1, 3, 2), (0, 0, 15, 2), (2, 2, 0, 3), (0, 0, 13, 1)], Probability: 3.437104169279337e-05, Active Number: 13
Path: [(0, 0, 3, 12), (1, 1, 3, 2), (0, 0, 15, 2), (2, 2, 1, 2), (0, 0, 2, 13)], Probability: 1.2889140634797513e-05, Active Number: 14
Path: [(0, 0, 3, 12), (1, 1, 3, 2), (0, 0, 15, 2), (2, 2, 1, 2), (0, 0, 3, 12)], Probability: 1.2889140634797513e-05, Active Number: 14
Path: [(0, 0, 3, 12), (1, 1, 3, 2), (0, 0, 15, 2), (2, 2, 1, 2), (0, 0, 6, 9)], Probability: 1.2889140634797513e-05, Active Number: 14
Path: [(0, 0, 3, 12), (1, 1, 3, 2), (0, 0, 15, 2), (2, 2, 1, 2), (0, 0, 7, 8)], Probability: 1.2889140634797513e-05, Active Number: 14
Path: [(0, 0, 3, 12), (1, 1, 3, 2), (0, 0, 15, 2), (2, 2, 1, 2), (0, 0, 10, 5)], Probability: 1.2889140634797513e-05, Active Number: 14
Path: [(0, 0, 3, 12), (1, 1, 3, 2), (0, 0, 15, 2), (2, 2, 1, 2), (0, 0, 11, 4)], Probability: 1.2889140634797513e-05, Active Number: 14
Path: [(0, 0, 3, 12), (1, 1, 3, 2), (0, 0, 15, 2), (2, 2, 1, 2), (0, 0, 14, 1)], Probability: 1.2889140634797513e-05, Active Number: 14
Path: [(0, 0, 3, 13), (1, 1, 2, 2), (0, 0, 12, 3), (2, 2, 3, 1), (0, 0, 3, 14)], Probability: 7.733484380878508e-06, Active Number: 14
Path: [(0, 0, 3, 13), (1, 1, 2, 2), (0, 0, 12, 3), (2, 2, 3, 1), (0, 0, 7, 10)], Probability: 7.733484380878508e-06, Active Number: 14
Path: [(0, 0, 3, 13), (1, 1, 2, 2), (0, 0, 12, 3), (2, 2, 3, 1), (0, 0, 11, 6)], Probability: 7.733484380878508e-06, Active Number: 14
Path: [(0, 0, 3, 13), (1, 1, 2, 2), (0, 0, 12, 3), (2, 2, 3, 1), (0, 0, 15, 2)], Probability: 7.733484380878508e-06, Active Number: 14
Path: [(0, 0, 3, 13), (1, 1, 2, 2), (0, 0, 13, 2), (2, 2, 0, 1), (0, 0, 1, 12)], Probability: 2.062262501567602e-05, Active Number: 13
Path: [(0, 0, 3, 13), (1, 1, 2, 2), (0, 0, 13, 2), (2, 2, 0, 1), (0, 0, 5, 8)], Probability: 2.062262501567602e-05, Active Number: 13
Path: [(0, 0, 3, 13), (1, 1, 2, 2), (0, 0, 13, 2), (2, 2, 0, 1), (0, 0, 9, 4)], Probability: 2.062262501567602e-05, Active Number: 13
Path: [(0, 0, 3, 13), (1, 1, 2, 2), (0, 0, 13, 2), (2, 2, 1, 0), (0, 0, 2, 12)], Probability: 2.062262501567602e-05, Active Number: 13
Path: [(0, 0, 3, 13), (1, 1, 2, 2), (0, 0, 13, 2), (2, 2, 1, 0), (0, 0, 6, 8)], Probability: 2.062262501567602e-05, Active Number: 13
Path: [(0, 0, 3, 13), (1, 1, 2, 2), (0, 0, 13, 2), (2, 2, 1, 0), (0, 0, 10, 4)], Probability: 2.062262501567602e-05, Active Number: 13
Path: [(0, 0, 3, 13), (1, 1, 2, 2), (0, 0, 14, 1), (2, 2, 3, 2), (0, 0, 2, 15)], Probability: 7.733484380878508e-06, Active Number: 14
Path: [(0, 0, 3, 13), (1, 1, 2, 2), (0, 0, 14, 1), (2, 2, 3, 2), (0, 0, 3, 14)], Probability: 7.733484380878508e-06, Active Number: 14
Path: [(0, 0, 3, 13), (1, 1, 2, 2), (0, 0, 14, 1), (2, 2, 3, 2), (0, 0, 6, 11)], Probability: 7.733484380878508e-06, Active Number: 14
Path: [(0, 0, 3, 13), (1, 1, 2, 2), (0, 0, 14, 1), (2, 2, 3, 2), (0, 0, 7, 10)], Probability: 7.733484380878508e-06, Active Number: 14
Path: [(0, 0, 3, 13), (1, 1, 2, 2), (0, 0, 14, 1), (2, 2, 3, 2), (0, 0, 10, 7)], Probability: 7.733484380878508e-06, Active Number: 14
Path: [(0, 0, 3, 13), (1, 1, 2, 2), (0, 0, 14, 1), (2, 2, 3, 2), (0, 0, 11, 6)], Probability: 7.733484380878508e-06, Active Number: 14
Path: [(0, 0, 3, 13), (1, 1, 2, 2), (0, 0, 14, 1), (2, 2, 3, 2), (0, 0, 14, 3)], Probability: 7.733484380878508e-06, Active Number: 14
Path: [(0, 0, 3, 13), (1, 1, 2, 2), (0, 0, 14, 1), (2, 2, 3, 2), (0, 0, 15, 2)], Probability: 7.733484380878508e-06, Active Number: 14
Path: [(0, 0, 3, 13), (1, 1, 2, 2), (0, 0, 15, 0), (2, 2, 0, 2), (0, 0, 1, 12)], Probability: 9.165611118078232e-05, Active Number: 12
Path: [(0, 0, 3, 13), (1, 1, 2, 2), (0, 0, 15, 0), (2, 2, 0, 2), (0, 0, 4, 9)], Probability: 9.165611118078232e-05, Active Number: 12
Path: [(0, 0, 3, 13), (1, 1, 2, 2), (0, 0, 15, 0), (2, 2, 0, 2), (0, 0, 5, 8)], Probability: 9.165611118078232e-05, Active Number: 12
Path: [(0, 0, 3, 13), (1, 1, 2, 2), (0, 0, 15, 0), (2, 2, 0, 2), (0, 0, 8, 5)], Probability: 9.165611118078232e-05, Active Number: 12
Path: [(0, 0, 3, 13), (1, 1, 2, 2), (0, 0, 15, 0), (2, 2, 0, 2), (0, 0, 9, 4)], Probability: 9.165611118078232e-05, Active Number: 12
Path: [(0, 0, 3, 13), (1, 1, 2, 2), (0, 0, 15, 0), (2, 2, 0, 2), (0, 0, 12, 1)], Probability: 9.165611118078232e-05, Active Number: 12
Path: [(0, 0, 3, 14), (1, 1, 3, 3), (0, 0, 15, 3), (2, 2, 1, 3), (0, 0, 3, 13)], Probability: 1.2889140634797513e-05, Active Number: 14
Path: [(0, 0, 3, 14), (1, 1, 3, 3), (0, 0, 15, 3), (2, 2, 1, 3), (0, 0, 7, 9)], Probability: 1.2889140634797513e-05, Active Number: 14
Path: [(0, 0, 3, 14), (1, 1, 3, 3), (0, 0, 15, 3), (2, 2, 1, 3), (0, 0, 11, 5)], Probability: 1.2889140634797513e-05, Active Number: 14
Path: [(0, 0, 3, 14), (1, 1, 3, 3), (0, 0, 15, 3), (2, 2, 1, 3), (0, 0, 15, 1)], Probability: 1.2889140634797513e-05, Active Number: 14
Path: [(0, 0, 3, 15), (1, 1, 2, 3), (0, 0, 13, 3), (2, 2, 1, 1), (0, 0, 3, 12)], Probability: 1.2889140634797513e-05, Active Number: 14
Path: [(0, 0, 3, 15), (1, 1, 2, 3), (0, 0, 13, 3), (2, 2, 1, 1), (0, 0, 7, 8)], Probability: 1.2889140634797513e-05, Active Number: 14
Path: [(0, 0, 3, 15), (1, 1, 2, 3), (0, 0, 13, 3), (2, 2, 1, 1), (0, 0, 11, 4)], Probability: 1.2889140634797513e-05, Active Number: 14
Path: [(0, 0, 3, 15), (1, 1, 2, 3), (0, 0, 15, 1), (2, 2, 1, 2), (0, 0, 2, 13)], Probability: 2.1481901057995856e-05, Active Number: 14
Path: [(0, 0, 3, 15), (1, 1, 2, 3), (0, 0, 15, 1), (2, 2, 1, 2), (0, 0, 3, 12)], Probability: 2.1481901057995856e-05, Active Number: 14
Path: [(0, 0, 3, 15), (1, 1, 2, 3), (0, 0, 15, 1), (2, 2, 1, 2), (0, 0, 6, 9)], Probability: 2.1481901057995856e-05, Active Number: 14
Path: [(0, 0, 3, 15), (1, 1, 2, 3), (0, 0, 15, 1), (2, 2, 1, 2), (0, 0, 7, 8)], Probability: 2.1481901057995856e-05, Active Number: 14
Path: [(0, 0, 3, 15), (1, 1, 2, 3), (0, 0, 15, 1), (2, 2, 1, 2), (0, 0, 10, 5)], Probability: 2.1481901057995856e-05, Active Number: 14
Path: [(0, 0, 3, 15), (1, 1, 2, 3), (0, 0, 15, 1), (2, 2, 1, 2), (0, 0, 11, 4)], Probability: 2.1481901057995856e-05, Active Number: 14
Path: [(0, 0, 3, 15), (1, 1, 2, 3), (0, 0, 15, 1), (2, 2, 1, 2), (0, 0, 14, 1)], Probability: 2.1481901057995856e-05, Active Number: 14
Path: [(0, 0, 12, 0), (2, 2, 2, 0), (0, 0, 2, 12), (1, 1, 1, 2), (0, 0, 14, 1)], Probability: 5.499366670846939e-05, Active Number: 12
Path: [(0, 0, 12, 0), (2, 2, 2, 0), (0, 0, 2, 12), (1, 1, 3, 0), (0, 0, 14, 2)], Probability: 0.0001466497778892517, Active Number: 11
Path: [(0, 0, 12, 0), (2, 2, 2, 0), (0, 0, 12, 2), (2, 2, 2, 1), (0, 0, 1, 14)], Probability: 5.499366670846939e-05, Active Number: 12
Path: [(0, 0, 12, 0), (2, 2, 2, 0), (0, 0, 12, 2), (2, 2, 2, 1), (0, 0, 3, 12)], Probability: 5.499366670846939e-05, Active Number: 12
Path: [(0, 0, 12, 0), (2, 2, 2, 0), (0, 0, 12, 2), (2, 2, 2, 1), (0, 0, 5, 10)], Probability: 5.499366670846939e-05, Active Number: 12
Path: [(0, 0, 12, 0), (2, 2, 2, 0), (0, 0, 12, 2), (2, 2, 2, 1), (0, 0, 7, 8)], Probability: 5.499366670846939e-05, Active Number: 12
Path: [(0, 0, 12, 0), (2, 2, 2, 0), (0, 0, 12, 2), (2, 2, 2, 1), (0, 0, 9, 6)], Probability: 5.499366670846939e-05, Active Number: 12
Path: [(0, 0, 12, 0), (2, 2, 2, 0), (0, 0, 12, 2), (2, 2, 2, 1), (0, 0, 11, 4)], Probability: 5.499366670846939e-05, Active Number: 12
Path: [(0, 0, 12, 0), (2, 2, 2, 0), (0, 0, 12, 2), (2, 2, 2, 1), (0, 0, 13, 2)], Probability: 5.499366670846939e-05, Active Number: 12
Path: [(0, 0, 12, 0), (2, 2, 2, 0), (0, 0, 12, 2), (2, 2, 3, 0), (0, 0, 2, 14)], Probability: 0.0001466497778892517, Active Number: 11
Path: [(0, 0, 12, 0), (2, 2, 2, 0), (0, 0, 12, 2), (2, 2, 3, 0), (0, 0, 6, 10)], Probability: 0.0001466497778892517, Active Number: 11
Path: [(0, 0, 12, 0), (2, 2, 2, 0), (0, 0, 12, 2), (2, 2, 3, 0), (0, 0, 10, 6)], Probability: 0.0001466497778892517, Active Number: 11
Path: [(0, 0, 12, 0), (2, 2, 2, 0), (0, 0, 12, 2), (2, 2, 3, 0), (0, 0, 14, 2)], Probability: 0.0001466497778892517, Active Number: 11
Path: [(0, 0, 12, 0), (2, 2, 2, 0), (0, 0, 14, 0), (2, 2, 2, 2), (0, 0, 1, 14)], Probability: 0.0001466497778892517, Active Number: 11
Path: [(0, 0, 12, 0), (2, 2, 2, 0), (0, 0, 14, 0), (2, 2, 2, 2), (0, 0, 2, 13)], Probability: 0.0001466497778892517, Active Number: 11
Path: [(0, 0, 12, 0), (2, 2, 2, 0), (0, 0, 14, 0), (2, 2, 2, 2), (0, 0, 3, 12)], Probability: 0.0001466497778892517, Active Number: 11
Path: [(0, 0, 12, 0), (2, 2, 2, 0), (0, 0, 14, 0), (2, 2, 2, 2), (0, 0, 4, 11)], Probability: 0.0001466497778892517, Active Number: 11
Path: [(0, 0, 12, 0), (2, 2, 2, 0), (0, 0, 14, 0), (2, 2, 2, 2), (0, 0, 5, 10)], Probability: 0.0001466497778892517, Active Number: 11
Path: [(0, 0, 12, 0), (2, 2, 2, 0), (0, 0, 14, 0), (2, 2, 2, 2), (0, 0, 6, 9)], Probability: 0.0001466497778892517, Active Number: 11
Path: [(0, 0, 12, 0), (2, 2, 2, 0), (0, 0, 14, 0), (2, 2, 2, 2), (0, 0, 7, 8)], Probability: 0.0001466497778892517, Active Number: 11
Path: [(0, 0, 12, 0), (2, 2, 2, 0), (0, 0, 14, 0), (2, 2, 2, 2), (0, 0, 8, 7)], Probability: 0.0001466497778892517, Active Number: 11
Path: [(0, 0, 12, 0), (2, 2, 2, 0), (0, 0, 14, 0), (2, 2, 2, 2), (0, 0, 9, 6)], Probability: 0.0001466497778892517, Active Number: 11
Path: [(0, 0, 12, 0), (2, 2, 2, 0), (0, 0, 14, 0), (2, 2, 2, 2), (0, 0, 10, 5)], Probability: 0.0001466497778892517, Active Number: 11
Path: [(0, 0, 12, 0), (2, 2, 2, 0), (0, 0, 14, 0), (2, 2, 2, 2), (0, 0, 11, 4)], Probability: 0.0001466497778892517, Active Number: 11
Path: [(0, 0, 12, 0), (2, 2, 2, 0), (0, 0, 14, 0), (2, 2, 2, 2), (0, 0, 12, 3)], Probability: 0.0001466497778892517, Active Number: 11
Path: [(0, 0, 12, 0), (2, 2, 2, 0), (0, 0, 14, 0), (2, 2, 2, 2), (0, 0, 13, 2)], Probability: 0.0001466497778892517, Active Number: 11
Path: [(0, 0, 12, 0), (2, 2, 2, 0), (0, 0, 14, 0), (2, 2, 2, 2), (0, 0, 14, 1)], Probability: 0.0001466497778892517, Active Number: 11
Path: [(0, 0, 12, 1), (2, 2, 3, 0), (0, 0, 2, 14), (1, 1, 1, 3), (0, 0, 15, 1)], Probability: 2.062262501567602e-05, Active Number: 13
Path: [(0, 0, 12, 1), (2, 2, 3, 0), (0, 0, 2, 14), (1, 1, 3, 1), (0, 0, 15, 2)], Probability: 2.062262501567602e-05, Active Number: 13
Path: [(0, 0, 12, 1), (2, 2, 3, 0), (0, 0, 14, 2), (2, 2, 2, 3), (0, 0, 1, 15)], Probability: 2.062262501567602e-05, Active Number: 13
Path: [(0, 0, 12, 1), (2, 2, 3, 0), (0, 0, 14, 2), (2, 2, 2, 3), (0, 0, 3, 13)], Probability: 2.062262501567602e-05, Active Number: 13
Path: [(0, 0, 12, 1), (2, 2, 3, 0), (0, 0, 14, 2), (2, 2, 2, 3), (0, 0, 5, 11)], Probability: 2.062262501567602e-05, Active Number: 13
Path: [(0, 0, 12, 1), (2, 2, 3, 0), (0, 0, 14, 2), (2, 2, 2, 3), (0, 0, 7, 9)], Probability: 2.062262501567602e-05, Active Number: 13
Path: [(0, 0, 12, 1), (2, 2, 3, 0), (0, 0, 14, 2), (2, 2, 2, 3), (0, 0, 9, 7)], Probability: 2.062262501567602e-05, Active Number: 13
Path: [(0, 0, 12, 1), (2, 2, 3, 0), (0, 0, 14, 2), (2, 2, 2, 3), (0, 0, 11, 5)], Probability: 2.062262501567602e-05, Active Number: 13
Path: [(0, 0, 12, 1), (2, 2, 3, 0), (0, 0, 14, 2), (2, 2, 2, 3), (0, 0, 13, 3)], Probability: 2.062262501567602e-05, Active Number: 13
Path: [(0, 0, 12, 1), (2, 2, 3, 0), (0, 0, 14, 2), (2, 2, 2, 3), (0, 0, 15, 1)], Probability: 2.062262501567602e-05, Active Number: 13
Path: [(0, 0, 12, 1), (2, 2, 3, 0), (0, 0, 14, 2), (2, 2, 3, 2), (0, 0, 2, 15)], Probability: 2.062262501567602e-05, Active Number: 13
Path: [(0, 0, 12, 1), (2, 2, 3, 0), (0, 0, 14, 2), (2, 2, 3, 2), (0, 0, 3, 14)], Probability: 2.062262501567602e-05, Active Number: 13
Path: [(0, 0, 12, 1), (2, 2, 3, 0), (0, 0, 14, 2), (2, 2, 3, 2), (0, 0, 6, 11)], Probability: 2.062262501567602e-05, Active Number: 13
Path: [(0, 0, 12, 1), (2, 2, 3, 0), (0, 0, 14, 2), (2, 2, 3, 2), (0, 0, 7, 10)], Probability: 2.062262501567602e-05, Active Number: 13
Path: [(0, 0, 12, 1), (2, 2, 3, 0), (0, 0, 14, 2), (2, 2, 3, 2), (0, 0, 10, 7)], Probability: 2.062262501567602e-05, Active Number: 13
Path: [(0, 0, 12, 1), (2, 2, 3, 0), (0, 0, 14, 2), (2, 2, 3, 2), (0, 0, 11, 6)], Probability: 2.062262501567602e-05, Active Number: 13
Path: [(0, 0, 12, 1), (2, 2, 3, 0), (0, 0, 14, 2), (2, 2, 3, 2), (0, 0, 14, 3)], Probability: 2.062262501567602e-05, Active Number: 13
Path: [(0, 0, 12, 1), (2, 2, 3, 0), (0, 0, 14, 2), (2, 2, 3, 2), (0, 0, 15, 2)], Probability: 2.062262501567602e-05, Active Number: 13
Path: [(0, 0, 12, 2), (2, 2, 2, 1), (0, 0, 1, 14), (1, 1, 3, 1), (0, 0, 15, 2)], Probability: 7.733484380878508e-06, Active Number: 14
Path: [(0, 0, 12, 2), (2, 2, 2, 1), (0, 0, 3, 12), (1, 1, 3, 2), (0, 0, 14, 3)], Probability: 7.733484380878508e-06, Active Number: 14
Path: [(0, 0, 12, 2), (2, 2, 2, 1), (0, 0, 3, 12), (1, 1, 3, 2), (0, 0, 15, 2)], Probability: 7.733484380878508e-06, Active Number: 14
Path: [(0, 0, 12, 2), (2, 2, 2, 1), (0, 0, 13, 2), (2, 2, 0, 1), (0, 0, 1, 12)], Probability: 2.062262501567602e-05, Active Number: 13
Path: [(0, 0, 12, 2), (2, 2, 2, 1), (0, 0, 13, 2), (2, 2, 0, 1), (0, 0, 5, 8)], Probability: 2.062262501567602e-05, Active Number: 13
Path: [(0, 0, 12, 2), (2, 2, 2, 1), (0, 0, 13, 2), (2, 2, 0, 1), (0, 0, 9, 4)], Probability: 2.062262501567602e-05, Active Number: 13
Path: [(0, 0, 12, 2), (2, 2, 2, 1), (0, 0, 13, 2), (2, 2, 1, 0), (0, 0, 2, 12)], Probability: 2.062262501567602e-05, Active Number: 13
Path: [(0, 0, 12, 2), (2, 2, 2, 1), (0, 0, 13, 2), (2, 2, 1, 0), (0, 0, 6, 8)], Probability: 2.062262501567602e-05, Active Number: 13
Path: [(0, 0, 12, 2), (2, 2, 2, 1), (0, 0, 13, 2), (2, 2, 1, 0), (0, 0, 10, 4)], Probability: 2.062262501567602e-05, Active Number: 13
Path: [(0, 0, 12, 2), (2, 2, 2, 1), (0, 0, 15, 0), (2, 2, 0, 2), (0, 0, 1, 12)], Probability: 9.165611118078232e-05, Active Number: 12
Path: [(0, 0, 12, 2), (2, 2, 2, 1), (0, 0, 15, 0), (2, 2, 0, 2), (0, 0, 4, 9)], Probability: 9.165611118078232e-05, Active Number: 12
Path: [(0, 0, 12, 2), (2, 2, 2, 1), (0, 0, 15, 0), (2, 2, 0, 2), (0, 0, 5, 8)], Probability: 9.165611118078232e-05, Active Number: 12
Path: [(0, 0, 12, 2), (2, 2, 2, 1), (0, 0, 15, 0), (2, 2, 0, 2), (0, 0, 8, 5)], Probability: 9.165611118078232e-05, Active Number: 12
Path: [(0, 0, 12, 2), (2, 2, 2, 1), (0, 0, 15, 0), (2, 2, 0, 2), (0, 0, 9, 4)], Probability: 9.165611118078232e-05, Active Number: 12
Path: [(0, 0, 12, 2), (2, 2, 2, 1), (0, 0, 15, 0), (2, 2, 0, 2), (0, 0, 12, 1)], Probability: 9.165611118078232e-05, Active Number: 12
Path: [(0, 0, 12, 2), (2, 2, 3, 0), (0, 0, 2, 14), (1, 1, 1, 3), (0, 0, 15, 1)], Probability: 2.062262501567602e-05, Active Number: 13
Path: [(0, 0, 12, 2), (2, 2, 3, 0), (0, 0, 2, 14), (1, 1, 3, 1), (0, 0, 15, 2)], Probability: 2.062262501567602e-05, Active Number: 13
Path: [(0, 0, 12, 2), (2, 2, 3, 0), (0, 0, 14, 2), (2, 2, 2, 3), (0, 0, 1, 15)], Probability: 2.062262501567602e-05, Active Number: 13
Path: [(0, 0, 12, 2), (2, 2, 3, 0), (0, 0, 14, 2), (2, 2, 2, 3), (0, 0, 3, 13)], Probability: 2.062262501567602e-05, Active Number: 13
Path: [(0, 0, 12, 2), (2, 2, 3, 0), (0, 0, 14, 2), (2, 2, 2, 3), (0, 0, 5, 11)], Probability: 2.062262501567602e-05, Active Number: 13
Path: [(0, 0, 12, 2), (2, 2, 3, 0), (0, 0, 14, 2), (2, 2, 2, 3), (0, 0, 7, 9)], Probability: 2.062262501567602e-05, Active Number: 13
Path: [(0, 0, 12, 2), (2, 2, 3, 0), (0, 0, 14, 2), (2, 2, 2, 3), (0, 0, 9, 7)], Probability: 2.062262501567602e-05, Active Number: 13
Path: [(0, 0, 12, 2), (2, 2, 3, 0), (0, 0, 14, 2), (2, 2, 2, 3), (0, 0, 11, 5)], Probability: 2.062262501567602e-05, Active Number: 13
Path: [(0, 0, 12, 2), (2, 2, 3, 0), (0, 0, 14, 2), (2, 2, 2, 3), (0, 0, 13, 3)], Probability: 2.062262501567602e-05, Active Number: 13
Path: [(0, 0, 12, 2), (2, 2, 3, 0), (0, 0, 14, 2), (2, 2, 2, 3), (0, 0, 15, 1)], Probability: 2.062262501567602e-05, Active Number: 13
Path: [(0, 0, 12, 2), (2, 2, 3, 0), (0, 0, 14, 2), (2, 2, 3, 2), (0, 0, 2, 15)], Probability: 2.062262501567602e-05, Active Number: 13
Path: [(0, 0, 12, 2), (2, 2, 3, 0), (0, 0, 14, 2), (2, 2, 3, 2), (0, 0, 3, 14)], Probability: 2.062262501567602e-05, Active Number: 13
Path: [(0, 0, 12, 2), (2, 2, 3, 0), (0, 0, 14, 2), (2, 2, 3, 2), (0, 0, 6, 11)], Probability: 2.062262501567602e-05, Active Number: 13
Path: [(0, 0, 12, 2), (2, 2, 3, 0), (0, 0, 14, 2), (2, 2, 3, 2), (0, 0, 7, 10)], Probability: 2.062262501567602e-05, Active Number: 13
Path: [(0, 0, 12, 2), (2, 2, 3, 0), (0, 0, 14, 2), (2, 2, 3, 2), (0, 0, 10, 7)], Probability: 2.062262501567602e-05, Active Number: 13
Path: [(0, 0, 12, 2), (2, 2, 3, 0), (0, 0, 14, 2), (2, 2, 3, 2), (0, 0, 11, 6)], Probability: 2.062262501567602e-05, Active Number: 13
Path: [(0, 0, 12, 2), (2, 2, 3, 0), (0, 0, 14, 2), (2, 2, 3, 2), (0, 0, 14, 3)], Probability: 2.062262501567602e-05, Active Number: 13
Path: [(0, 0, 12, 2), (2, 2, 3, 0), (0, 0, 14, 2), (2, 2, 3, 2), (0, 0, 15, 2)], Probability: 2.062262501567602e-05, Active Number: 13
Path: [(0, 0, 12, 3), (2, 2, 3, 1), (0, 0, 3, 14), (1, 1, 3, 3), (0, 0, 15, 3)], Probability: 7.733484380878508e-06, Active Number: 14
Path: [(0, 0, 12, 3), (2, 2, 3, 1), (0, 0, 15, 2), (2, 2, 0, 3), (0, 0, 1, 13)], Probability: 3.437104169279337e-05, Active Number: 13
Path: [(0, 0, 12, 3), (2, 2, 3, 1), (0, 0, 15, 2), (2, 2, 0, 3), (0, 0, 5, 9)], Probability: 3.437104169279337e-05, Active Number: 13
Path: [(0, 0, 12, 3), (2, 2, 3, 1), (0, 0, 15, 2), (2, 2, 0, 3), (0, 0, 9, 5)], Probability: 3.437104169279337e-05, Active Number: 13
Path: [(0, 0, 12, 3), (2, 2, 3, 1), (0, 0, 15, 2), (2, 2, 0, 3), (0, 0, 13, 1)], Probability: 3.437104169279337e-05, Active Number: 13
Path: [(0, 0, 12, 3), (2, 2, 3, 1), (0, 0, 15, 2), (2, 2, 1, 2), (0, 0, 2, 13)], Probability: 1.2889140634797513e-05, Active Number: 14
Path: [(0, 0, 12, 3), (2, 2, 3, 1), (0, 0, 15, 2), (2, 2, 1, 2), (0, 0, 3, 12)], Probability: 1.2889140634797513e-05, Active Number: 14
Path: [(0, 0, 12, 3), (2, 2, 3, 1), (0, 0, 15, 2), (2, 2, 1, 2), (0, 0, 6, 9)], Probability: 1.2889140634797513e-05, Active Number: 14
Path: [(0, 0, 12, 3), (2, 2, 3, 1), (0, 0, 15, 2), (2, 2, 1, 2), (0, 0, 7, 8)], Probability: 1.2889140634797513e-05, Active Number: 14
Path: [(0, 0, 12, 3), (2, 2, 3, 1), (0, 0, 15, 2), (2, 2, 1, 2), (0, 0, 10, 5)], Probability: 1.2889140634797513e-05, Active Number: 14
Path: [(0, 0, 12, 3), (2, 2, 3, 1), (0, 0, 15, 2), (2, 2, 1, 2), (0, 0, 11, 4)], Probability: 1.2889140634797513e-05, Active Number: 14
Path: [(0, 0, 12, 3), (2, 2, 3, 1), (0, 0, 15, 2), (2, 2, 1, 2), (0, 0, 14, 1)], Probability: 1.2889140634797513e-05, Active Number: 14
Path: [(0, 0, 12, 12), (3, 3, 3, 0), (0, 0, 14, 14), (3, 3, 3, 3), (0, 0, 15, 15)], Probability: 2.062262501567602e-05, Active Number: 13
Path: [(0, 0, 12, 13), (3, 3, 2, 0), (0, 0, 12, 14), (3, 3, 3, 1), (0, 0, 15, 14)], Probability: 2.062262501567602e-05, Active Number: 13
Path: [(0, 0, 12, 13), (3, 3, 2, 0), (0, 0, 14, 12), (3, 3, 3, 2), (0, 0, 14, 15)], Probability: 2.062262501567602e-05, Active Number: 13
Path: [(0, 0, 12, 13), (3, 3, 2, 0), (0, 0, 14, 12), (3, 3, 3, 2), (0, 0, 15, 14)], Probability: 2.062262501567602e-05, Active Number: 13
Path: [(0, 0, 12, 14), (3, 3, 3, 1), (0, 0, 15, 14), (3, 3, 1, 3), (0, 0, 15, 13)], Probability: 1.2889140634797513e-05, Active Number: 14
Path: [(0, 0, 12, 15), (3, 3, 2, 1), (0, 0, 13, 14), (3, 3, 1, 1), (0, 0, 15, 12)], Probability: 1.2889140634797513e-05, Active Number: 14
Path: [(0, 0, 12, 15), (3, 3, 2, 1), (0, 0, 15, 12), (3, 3, 1, 2), (0, 0, 14, 13)], Probability: 2.1481901057995856e-05, Active Number: 14
Path: [(0, 0, 12, 15), (3, 3, 2, 1), (0, 0, 15, 12), (3, 3, 1, 2), (0, 0, 15, 12)], Probability: 2.1481901057995856e-05, Active Number: 14
Path: [(0, 0, 13, 0), (2, 2, 0, 0), (0, 0, 12, 0), (2, 2, 2, 0), (0, 0, 2, 12)], Probability: 0.0010428428649902344, Active Number: 9
Path: [(0, 0, 13, 0), (2, 2, 0, 0), (0, 0, 12, 0), (2, 2, 2, 0), (0, 0, 4, 10)], Probability: 0.0010428428649902344, Active Number: 9
Path: [(0, 0, 13, 0), (2, 2, 0, 0), (0, 0, 12, 0), (2, 2, 2, 0), (0, 0, 6, 8)], Probability: 0.0010428428649902344, Active Number: 9
Path: [(0, 0, 13, 0), (2, 2, 0, 0), (0, 0, 12, 0), (2, 2, 2, 0), (0, 0, 8, 6)], Probability: 0.0010428428649902344, Active Number: 9
Path: [(0, 0, 13, 0), (2, 2, 0, 0), (0, 0, 12, 0), (2, 2, 2, 0), (0, 0, 10, 4)], Probability: 0.0010428428649902344, Active Number: 9
Path: [(0, 0, 13, 0), (2, 2, 0, 0), (0, 0, 12, 0), (2, 2, 2, 0), (0, 0, 12, 2)], Probability: 0.0010428428649902344, Active Number: 9
Path: [(0, 0, 13, 1), (2, 2, 1, 0), (0, 0, 2, 12), (1, 1, 1, 2), (0, 0, 14, 1)], Probability: 2.062262501567602e-05, Active Number: 13
Path: [(0, 0, 13, 1), (2, 2, 1, 0), (0, 0, 2, 12), (1, 1, 3, 0), (0, 0, 14, 2)], Probability: 5.499366670846939e-05, Active Number: 12
Path: [(0, 0, 13, 1), (2, 2, 1, 0), (0, 0, 14, 0), (2, 2, 2, 2), (0, 0, 1, 14)], Probability: 5.499366670846939e-05, Active Number: 12
Path: [(0, 0, 13, 1), (2, 2, 1, 0), (0, 0, 14, 0), (2, 2, 2, 2), (0, 0, 2, 13)], Probability: 5.499366670846939e-05, Active Number: 12
Path: [(0, 0, 13, 1), (2, 2, 1, 0), (0, 0, 14, 0), (2, 2, 2, 2), (0, 0, 3, 12)], Probability: 5.499366670846939e-05, Active Number: 12
Path: [(0, 0, 13, 1), (2, 2, 1, 0), (0, 0, 14, 0), (2, 2, 2, 2), (0, 0, 4, 11)], Probability: 5.499366670846939e-05, Active Number: 12
Path: [(0, 0, 13, 1), (2, 2, 1, 0), (0, 0, 14, 0), (2, 2, 2, 2), (0, 0, 5, 10)], Probability: 5.499366670846939e-05, Active Number: 12
Path: [(0, 0, 13, 1), (2, 2, 1, 0), (0, 0, 14, 0), (2, 2, 2, 2), (0, 0, 6, 9)], Probability: 5.499366670846939e-05, Active Number: 12
Path: [(0, 0, 13, 1), (2, 2, 1, 0), (0, 0, 14, 0), (2, 2, 2, 2), (0, 0, 7, 8)], Probability: 5.499366670846939e-05, Active Number: 12
Path: [(0, 0, 13, 1), (2, 2, 1, 0), (0, 0, 14, 0), (2, 2, 2, 2), (0, 0, 8, 7)], Probability: 5.499366670846939e-05, Active Number: 12
Path: [(0, 0, 13, 1), (2, 2, 1, 0), (0, 0, 14, 0), (2, 2, 2, 2), (0, 0, 9, 6)], Probability: 5.499366670846939e-05, Active Number: 12
Path: [(0, 0, 13, 1), (2, 2, 1, 0), (0, 0, 14, 0), (2, 2, 2, 2), (0, 0, 10, 5)], Probability: 5.499366670846939e-05, Active Number: 12
Path: [(0, 0, 13, 1), (2, 2, 1, 0), (0, 0, 14, 0), (2, 2, 2, 2), (0, 0, 11, 4)], Probability: 5.499366670846939e-05, Active Number: 12
Path: [(0, 0, 13, 1), (2, 2, 1, 0), (0, 0, 14, 0), (2, 2, 2, 2), (0, 0, 12, 3)], Probability: 5.499366670846939e-05, Active Number: 12
Path: [(0, 0, 13, 1), (2, 2, 1, 0), (0, 0, 14, 0), (2, 2, 2, 2), (0, 0, 13, 2)], Probability: 5.499366670846939e-05, Active Number: 12
Path: [(0, 0, 13, 1), (2, 2, 1, 0), (0, 0, 14, 0), (2, 2, 2, 2), (0, 0, 14, 1)], Probability: 5.499366670846939e-05, Active Number: 12
Path: [(0, 0, 13, 2), (2, 2, 0, 1), (0, 0, 1, 12), (1, 1, 3, 0), (0, 0, 14, 2)], Probability: 5.499366670846939e-05, Active Number: 12
Path: [(0, 0, 13, 2), (2, 2, 0, 1), (0, 0, 13, 0), (2, 2, 0, 0), (0, 0, 4, 8)], Probability: 0.0003910660743713379, Active Number: 10
Path: [(0, 0, 13, 2), (2, 2, 0, 1), (0, 0, 13, 0), (2, 2, 0, 0), (0, 0, 8, 4)], Probability: 0.0003910660743713379, Active Number: 10
Path: [(0, 0, 13, 2), (2, 2, 1, 0), (0, 0, 2, 12), (1, 1, 1, 2), (0, 0, 14, 1)], Probability: 2.062262501567602e-05, Active Number: 13
Path: [(0, 0, 13, 2), (2, 2, 1, 0), (0, 0, 2, 12), (1, 1, 3, 0), (0, 0, 14, 2)], Probability: 5.499366670846939e-05, Active Number: 12
Path: [(0, 0, 13, 2), (2, 2, 1, 0), (0, 0, 14, 0), (2, 2, 2, 2), (0, 0, 1, 14)], Probability: 5.499366670846939e-05, Active Number: 12
Path: [(0, 0, 13, 2), (2, 2, 1, 0), (0, 0, 14, 0), (2, 2, 2, 2), (0, 0, 2, 13)], Probability: 5.499366670846939e-05, Active Number: 12
Path: [(0, 0, 13, 2), (2, 2, 1, 0), (0, 0, 14, 0), (2, 2, 2, 2), (0, 0, 3, 12)], Probability: 5.499366670846939e-05, Active Number: 12
Path: [(0, 0, 13, 2), (2, 2, 1, 0), (0, 0, 14, 0), (2, 2, 2, 2), (0, 0, 4, 11)], Probability: 5.499366670846939e-05, Active Number: 12
Path: [(0, 0, 13, 2), (2, 2, 1, 0), (0, 0, 14, 0), (2, 2, 2, 2), (0, 0, 5, 10)], Probability: 5.499366670846939e-05, Active Number: 12
Path: [(0, 0, 13, 2), (2, 2, 1, 0), (0, 0, 14, 0), (2, 2, 2, 2), (0, 0, 6, 9)], Probability: 5.499366670846939e-05, Active Number: 12
Path: [(0, 0, 13, 2), (2, 2, 1, 0), (0, 0, 14, 0), (2, 2, 2, 2), (0, 0, 7, 8)], Probability: 5.499366670846939e-05, Active Number: 12
Path: [(0, 0, 13, 2), (2, 2, 1, 0), (0, 0, 14, 0), (2, 2, 2, 2), (0, 0, 8, 7)], Probability: 5.499366670846939e-05, Active Number: 12
Path: [(0, 0, 13, 2), (2, 2, 1, 0), (0, 0, 14, 0), (2, 2, 2, 2), (0, 0, 9, 6)], Probability: 5.499366670846939e-05, Active Number: 12
Path: [(0, 0, 13, 2), (2, 2, 1, 0), (0, 0, 14, 0), (2, 2, 2, 2), (0, 0, 10, 5)], Probability: 5.499366670846939e-05, Active Number: 12
Path: [(0, 0, 13, 2), (2, 2, 1, 0), (0, 0, 14, 0), (2, 2, 2, 2), (0, 0, 11, 4)], Probability: 5.499366670846939e-05, Active Number: 12
Path: [(0, 0, 13, 2), (2, 2, 1, 0), (0, 0, 14, 0), (2, 2, 2, 2), (0, 0, 12, 3)], Probability: 5.499366670846939e-05, Active Number: 12
Path: [(0, 0, 13, 2), (2, 2, 1, 0), (0, 0, 14, 0), (2, 2, 2, 2), (0, 0, 13, 2)], Probability: 5.499366670846939e-05, Active Number: 12
Path: [(0, 0, 13, 2), (2, 2, 1, 0), (0, 0, 14, 0), (2, 2, 2, 2), (0, 0, 14, 1)], Probability: 5.499366670846939e-05, Active Number: 12
Path: [(0, 0, 13, 3), (2, 2, 1, 1), (0, 0, 3, 12), (1, 1, 3, 2), (0, 0, 14, 3)], Probability: 7.733484380878508e-06, Active Number: 14
Path: [(0, 0, 13, 3), (2, 2, 1, 1), (0, 0, 3, 12), (1, 1, 3, 2), (0, 0, 15, 2)], Probability: 7.733484380878508e-06, Active Number: 14
Path: [(0, 0, 13, 3), (2, 2, 1, 1), (0, 0, 15, 0), (2, 2, 0, 2), (0, 0, 1, 12)], Probability: 9.165611118078232e-05, Active Number: 12
Path: [(0, 0, 13, 3), (2, 2, 1, 1), (0, 0, 15, 0), (2, 2, 0, 2), (0, 0, 4, 9)], Probability: 9.165611118078232e-05, Active Number: 12
Path: [(0, 0, 13, 3), (2, 2, 1, 1), (0, 0, 15, 0), (2, 2, 0, 2), (0, 0, 5, 8)], Probability: 9.165611118078232e-05, Active Number: 12
Path: [(0, 0, 13, 3), (2, 2, 1, 1), (0, 0, 15, 0), (2, 2, 0, 2), (0, 0, 8, 5)], Probability: 9.165611118078232e-05, Active Number: 12
Path: [(0, 0, 13, 3), (2, 2, 1, 1), (0, 0, 15, 0), (2, 2, 0, 2), (0, 0, 9, 4)], Probability: 9.165611118078232e-05, Active Number: 12
Path: [(0, 0, 13, 3), (2, 2, 1, 1), (0, 0, 15, 0), (2, 2, 0, 2), (0, 0, 12, 1)], Probability: 9.165611118078232e-05, Active Number: 12
Path: [(0, 0, 13, 12), (3, 3, 1, 0), (0, 0, 14, 12), (3, 3, 3, 2), (0, 0, 14, 15)], Probability: 2.062262501567602e-05, Active Number: 13
Path: [(0, 0, 13, 12), (3, 3, 1, 0), (0, 0, 14, 12), (3, 3, 3, 2), (0, 0, 15, 14)], Probability: 2.062262501567602e-05, Active Number: 13
Path: [(0, 0, 13, 13), (3, 3, 0, 0), (0, 0, 12, 12), (3, 3, 3, 0), (0, 0, 14, 14)], Probability: 0.0001466497778892517, Active Number: 11
Path: [(0, 0, 13, 14), (3, 3, 1, 1), (0, 0, 15, 12), (3, 3, 1, 2), (0, 0, 14, 13)], Probability: 1.2889140634797513e-05, Active Number: 14
Path: [(0, 0, 13, 14), (3, 3, 1, 1), (0, 0, 15, 12), (3, 3, 1, 2), (0, 0, 15, 12)], Probability: 1.2889140634797513e-05, Active Number: 14
Path: [(0, 0, 13, 15), (3, 3, 0, 1), (0, 0, 13, 12), (3, 3, 1, 0), (0, 0, 14, 12)], Probability: 9.165611118078232e-05, Active Number: 12
Path: [(0, 0, 14, 0), (2, 2, 2, 2), (0, 0, 1, 14), (1, 1, 3, 1), (0, 0, 15, 2)], Probability: 2.062262501567602e-05, Active Number: 13
Path: [(0, 0, 14, 0), (2, 2, 2, 2), (0, 0, 2, 13), (1, 1, 0, 2), (0, 0, 12, 1)], Probability: 5.499366670846939e-05, Active Number: 12
Path: [(0, 0, 14, 0), (2, 2, 2, 2), (0, 0, 2, 13), (1, 1, 2, 0), (0, 0, 12, 2)], Probability: 5.499366670846939e-05, Active Number: 12
Path: [(0, 0, 14, 0), (2, 2, 2, 2), (0, 0, 3, 12), (1, 1, 3, 2), (0, 0, 14, 3)], Probability: 2.062262501567602e-05, Active Number: 13
Path: [(0, 0, 14, 0), (2, 2, 2, 2), (0, 0, 3, 12), (1, 1, 3, 2), (0, 0, 15, 2)], Probability: 2.062262501567602e-05, Active Number: 13
Path: [(0, 0, 14, 0), (2, 2, 2, 2), (0, 0, 12, 3), (2, 2, 3, 1), (0, 0, 3, 14)], Probability: 2.062262501567602e-05, Active Number: 13
Path: [(0, 0, 14, 0), (2, 2, 2, 2), (0, 0, 12, 3), (2, 2, 3, 1), (0, 0, 7, 10)], Probability: 2.062262501567602e-05, Active Number: 13
Path: [(0, 0, 14, 0), (2, 2, 2, 2), (0, 0, 12, 3), (2, 2, 3, 1), (0, 0, 11, 6)], Probability: 2.062262501567602e-05, Active Number: 13
Path: [(0, 0, 14, 0), (2, 2, 2, 2), (0, 0, 12, 3), (2, 2, 3, 1), (0, 0, 15, 2)], Probability: 2.062262501567602e-05, Active Number: 13
Path: [(0, 0, 14, 0), (2, 2, 2, 2), (0, 0, 13, 2), (2, 2, 0, 1), (0, 0, 1, 12)], Probability: 5.499366670846939e-05, Active Number: 12
Path: [(0, 0, 14, 0), (2, 2, 2, 2), (0, 0, 13, 2), (2, 2, 0, 1), (0, 0, 5, 8)], Probability: 5.499366670846939e-05, Active Number: 12
Path: [(0, 0, 14, 0), (2, 2, 2, 2), (0, 0, 13, 2), (2, 2, 0, 1), (0, 0, 9, 4)], Probability: 5.499366670846939e-05, Active Number: 12
Path: [(0, 0, 14, 0), (2, 2, 2, 2), (0, 0, 13, 2), (2, 2, 1, 0), (0, 0, 2, 12)], Probability: 5.499366670846939e-05, Active Number: 12
Path: [(0, 0, 14, 0), (2, 2, 2, 2), (0, 0, 13, 2), (2, 2, 1, 0), (0, 0, 6, 8)], Probability: 5.499366670846939e-05, Active Number: 12
Path: [(0, 0, 14, 0), (2, 2, 2, 2), (0, 0, 13, 2), (2, 2, 1, 0), (0, 0, 10, 4)], Probability: 5.499366670846939e-05, Active Number: 12
Path: [(0, 0, 14, 0), (2, 2, 2, 2), (0, 0, 14, 1), (2, 2, 3, 2), (0, 0, 2, 15)], Probability: 2.062262501567602e-05, Active Number: 13
Path: [(0, 0, 14, 0), (2, 2, 2, 2), (0, 0, 14, 1), (2, 2, 3, 2), (0, 0, 3, 14)], Probability: 2.062262501567602e-05, Active Number: 13
Path: [(0, 0, 14, 0), (2, 2, 2, 2), (0, 0, 14, 1), (2, 2, 3, 2), (0, 0, 6, 11)], Probability: 2.062262501567602e-05, Active Number: 13
Path: [(0, 0, 14, 0), (2, 2, 2, 2), (0, 0, 14, 1), (2, 2, 3, 2), (0, 0, 7, 10)], Probability: 2.062262501567602e-05, Active Number: 13
Path: [(0, 0, 14, 0), (2, 2, 2, 2), (0, 0, 14, 1), (2, 2, 3, 2), (0, 0, 10, 7)], Probability: 2.062262501567602e-05, Active Number: 13
Path: [(0, 0, 14, 0), (2, 2, 2, 2), (0, 0, 14, 1), (2, 2, 3, 2), (0, 0, 11, 6)], Probability: 2.062262501567602e-05, Active Number: 13
Path: [(0, 0, 14, 0), (2, 2, 2, 2), (0, 0, 14, 1), (2, 2, 3, 2), (0, 0, 14, 3)], Probability: 2.062262501567602e-05, Active Number: 13
Path: [(0, 0, 14, 0), (2, 2, 2, 2), (0, 0, 14, 1), (2, 2, 3, 2), (0, 0, 15, 2)], Probability: 2.062262501567602e-05, Active Number: 13
Path: [(0, 0, 14, 0), (2, 2, 2, 2), (0, 0, 15, 0), (2, 2, 0, 2), (0, 0, 1, 12)], Probability: 0.0002444162964820862, Active Number: 11
Path: [(0, 0, 14, 0), (2, 2, 2, 2), (0, 0, 15, 0), (2, 2, 0, 2), (0, 0, 4, 9)], Probability: 0.0002444162964820862, Active Number: 11
Path: [(0, 0, 14, 0), (2, 2, 2, 2), (0, 0, 15, 0), (2, 2, 0, 2), (0, 0, 5, 8)], Probability: 0.0002444162964820862, Active Number: 11
Path: [(0, 0, 14, 0), (2, 2, 2, 2), (0, 0, 15, 0), (2, 2, 0, 2), (0, 0, 8, 5)], Probability: 0.0002444162964820862, Active Number: 11
Path: [(0, 0, 14, 0), (2, 2, 2, 2), (0, 0, 15, 0), (2, 2, 0, 2), (0, 0, 9, 4)], Probability: 0.0002444162964820862, Active Number: 11
Path: [(0, 0, 14, 0), (2, 2, 2, 2), (0, 0, 15, 0), (2, 2, 0, 2), (0, 0, 12, 1)], Probability: 0.0002444162964820862, Active Number: 11
Path: [(0, 0, 14, 1), (2, 2, 3, 2), (0, 0, 2, 15), (1, 1, 0, 3), (0, 0, 13, 1)], Probability: 3.437104169279337e-05, Active Number: 13
Path: [(0, 0, 14, 1), (2, 2, 3, 2), (0, 0, 2, 15), (1, 1, 2, 1), (0, 0, 13, 2)], Probability: 1.2889140634797513e-05, Active Number: 14
Path: [(0, 0, 14, 1), (2, 2, 3, 2), (0, 0, 3, 14), (1, 1, 3, 3), (0, 0, 15, 3)], Probability: 7.733484380878508e-06, Active Number: 14
Path: [(0, 0, 14, 1), (2, 2, 3, 2), (0, 0, 14, 3), (2, 2, 3, 3), (0, 0, 3, 15)], Probability: 7.733484380878508e-06, Active Number: 14
Path: [(0, 0, 14, 1), (2, 2, 3, 2), (0, 0, 14, 3), (2, 2, 3, 3), (0, 0, 7, 11)], Probability: 7.733484380878508e-06, Active Number: 14
Path: [(0, 0, 14, 1), (2, 2, 3, 2), (0, 0, 14, 3), (2, 2, 3, 3), (0, 0, 11, 7)], Probability: 7.733484380878508e-06, Active Number: 14
Path: [(0, 0, 14, 1), (2, 2, 3, 2), (0, 0, 14, 3), (2, 2, 3, 3), (0, 0, 15, 3)], Probability: 7.733484380878508e-06, Active Number: 14
Path: [(0, 0, 14, 1), (2, 2, 3, 2), (0, 0, 15, 2), (2, 2, 0, 3), (0, 0, 1, 13)], Probability: 3.437104169279337e-05, Active Number: 13
Path: [(0, 0, 14, 1), (2, 2, 3, 2), (0, 0, 15, 2), (2, 2, 0, 3), (0, 0, 5, 9)], Probability: 3.437104169279337e-05, Active Number: 13
Path: [(0, 0, 14, 1), (2, 2, 3, 2), (0, 0, 15, 2), (2, 2, 0, 3), (0, 0, 9, 5)], Probability: 3.437104169279337e-05, Active Number: 13
Path: [(0, 0, 14, 1), (2, 2, 3, 2), (0, 0, 15, 2), (2, 2, 0, 3), (0, 0, 13, 1)], Probability: 3.437104169279337e-05, Active Number: 13
Path: [(0, 0, 14, 1), (2, 2, 3, 2), (0, 0, 15, 2), (2, 2, 1, 2), (0, 0, 2, 13)], Probability: 1.2889140634797513e-05, Active Number: 14
Path: [(0, 0, 14, 1), (2, 2, 3, 2), (0, 0, 15, 2), (2, 2, 1, 2), (0, 0, 3, 12)], Probability: 1.2889140634797513e-05, Active Number: 14
Path: [(0, 0, 14, 1), (2, 2, 3, 2), (0, 0, 15, 2), (2, 2, 1, 2), (0, 0, 6, 9)], Probability: 1.2889140634797513e-05, Active Number: 14
Path: [(0, 0, 14, 1), (2, 2, 3, 2), (0, 0, 15, 2), (2, 2, 1, 2), (0, 0, 7, 8)], Probability: 1.2889140634797513e-05, Active Number: 14
Path: [(0, 0, 14, 1), (2, 2, 3, 2), (0, 0, 15, 2), (2, 2, 1, 2), (0, 0, 10, 5)], Probability: 1.2889140634797513e-05, Active Number: 14
Path: [(0, 0, 14, 1), (2, 2, 3, 2), (0, 0, 15, 2), (2, 2, 1, 2), (0, 0, 11, 4)], Probability: 1.2889140634797513e-05, Active Number: 14
Path: [(0, 0, 14, 1), (2, 2, 3, 2), (0, 0, 15, 2), (2, 2, 1, 2), (0, 0, 14, 1)], Probability: 1.2889140634797513e-05, Active Number: 14
Path: [(0, 0, 14, 2), (2, 2, 2, 3), (0, 0, 1, 15), (1, 1, 2, 1), (0, 0, 13, 2)], Probability: 1.2889140634797513e-05, Active Number: 14
Path: [(0, 0, 14, 2), (2, 2, 2, 3), (0, 0, 3, 13), (1, 1, 2, 2), (0, 0, 12, 3)], Probability: 7.733484380878508e-06, Active Number: 14
Path: [(0, 0, 14, 2), (2, 2, 2, 3), (0, 0, 3, 13), (1, 1, 2, 2), (0, 0, 13, 2)], Probability: 7.733484380878508e-06, Active Number: 14
Path: [(0, 0, 14, 2), (2, 2, 2, 3), (0, 0, 3, 13), (1, 1, 2, 2), (0, 0, 14, 1)], Probability: 7.733484380878508e-06, Active Number: 14
Path: [(0, 0, 14, 2), (2, 2, 2, 3), (0, 0, 13, 3), (2, 2, 1, 1), (0, 0, 3, 12)], Probability: 7.733484380878508e-06, Active Number: 14
Path: [(0, 0, 14, 2), (2, 2, 2, 3), (0, 0, 13, 3), (2, 2, 1, 1), (0, 0, 7, 8)], Probability: 7.733484380878508e-06, Active Number: 14
Path: [(0, 0, 14, 2), (2, 2, 2, 3), (0, 0, 13, 3), (2, 2, 1, 1), (0, 0, 11, 4)], Probability: 7.733484380878508e-06, Active Number: 14
Path: [(0, 0, 14, 2), (2, 2, 2, 3), (0, 0, 15, 1), (2, 2, 1, 2), (0, 0, 2, 13)], Probability: 1.2889140634797513e-05, Active Number: 14
Path: [(0, 0, 14, 2), (2, 2, 2, 3), (0, 0, 15, 1), (2, 2, 1, 2), (0, 0, 3, 12)], Probability: 1.2889140634797513e-05, Active Number: 14
Path: [(0, 0, 14, 2), (2, 2, 2, 3), (0, 0, 15, 1), (2, 2, 1, 2), (0, 0, 6, 9)], Probability: 1.2889140634797513e-05, Active Number: 14
Path: [(0, 0, 14, 2), (2, 2, 2, 3), (0, 0, 15, 1), (2, 2, 1, 2), (0, 0, 7, 8)], Probability: 1.2889140634797513e-05, Active Number: 14
Path: [(0, 0, 14, 2), (2, 2, 2, 3), (0, 0, 15, 1), (2, 2, 1, 2), (0, 0, 10, 5)], Probability: 1.2889140634797513e-05, Active Number: 14
Path: [(0, 0, 14, 2), (2, 2, 2, 3), (0, 0, 15, 1), (2, 2, 1, 2), (0, 0, 11, 4)], Probability: 1.2889140634797513e-05, Active Number: 14
Path: [(0, 0, 14, 2), (2, 2, 2, 3), (0, 0, 15, 1), (2, 2, 1, 2), (0, 0, 14, 1)], Probability: 1.2889140634797513e-05, Active Number: 14
Path: [(0, 0, 14, 2), (2, 2, 3, 2), (0, 0, 2, 15), (1, 1, 0, 3), (0, 0, 13, 1)], Probability: 3.437104169279337e-05, Active Number: 13
Path: [(0, 0, 14, 2), (2, 2, 3, 2), (0, 0, 2, 15), (1, 1, 2, 1), (0, 0, 13, 2)], Probability: 1.2889140634797513e-05, Active Number: 14
Path: [(0, 0, 14, 2), (2, 2, 3, 2), (0, 0, 3, 14), (1, 1, 3, 3), (0, 0, 15, 3)], Probability: 7.733484380878508e-06, Active Number: 14
Path: [(0, 0, 14, 2), (2, 2, 3, 2), (0, 0, 14, 3), (2, 2, 3, 3), (0, 0, 3, 15)], Probability: 7.733484380878508e-06, Active Number: 14
Path: [(0, 0, 14, 2), (2, 2, 3, 2), (0, 0, 14, 3), (2, 2, 3, 3), (0, 0, 7, 11)], Probability: 7.733484380878508e-06, Active Number: 14
Path: [(0, 0, 14, 2), (2, 2, 3, 2), (0, 0, 14, 3), (2, 2, 3, 3), (0, 0, 11, 7)], Probability: 7.733484380878508e-06, Active Number: 14
Path: [(0, 0, 14, 2), (2, 2, 3, 2), (0, 0, 14, 3), (2, 2, 3, 3), (0, 0, 15, 3)], Probability: 7.733484380878508e-06, Active Number: 14
Path: [(0, 0, 14, 2), (2, 2, 3, 2), (0, 0, 15, 2), (2, 2, 0, 3), (0, 0, 1, 13)], Probability: 3.437104169279337e-05, Active Number: 13
Path: [(0, 0, 14, 2), (2, 2, 3, 2), (0, 0, 15, 2), (2, 2, 0, 3), (0, 0, 5, 9)], Probability: 3.437104169279337e-05, Active Number: 13
Path: [(0, 0, 14, 2), (2, 2, 3, 2), (0, 0, 15, 2), (2, 2, 0, 3), (0, 0, 9, 5)], Probability: 3.437104169279337e-05, Active Number: 13
Path: [(0, 0, 14, 2), (2, 2, 3, 2), (0, 0, 15, 2), (2, 2, 0, 3), (0, 0, 13, 1)], Probability: 3.437104169279337e-05, Active Number: 13
Path: [(0, 0, 14, 2), (2, 2, 3, 2), (0, 0, 15, 2), (2, 2, 1, 2), (0, 0, 2, 13)], Probability: 1.2889140634797513e-05, Active Number: 14
Path: [(0, 0, 14, 2), (2, 2, 3, 2), (0, 0, 15, 2), (2, 2, 1, 2), (0, 0, 3, 12)], Probability: 1.2889140634797513e-05, Active Number: 14
Path: [(0, 0, 14, 2), (2, 2, 3, 2), (0, 0, 15, 2), (2, 2, 1, 2), (0, 0, 6, 9)], Probability: 1.2889140634797513e-05, Active Number: 14
Path: [(0, 0, 14, 2), (2, 2, 3, 2), (0, 0, 15, 2), (2, 2, 1, 2), (0, 0, 7, 8)], Probability: 1.2889140634797513e-05, Active Number: 14
Path: [(0, 0, 14, 2), (2, 2, 3, 2), (0, 0, 15, 2), (2, 2, 1, 2), (0, 0, 10, 5)], Probability: 1.2889140634797513e-05, Active Number: 14
Path: [(0, 0, 14, 2), (2, 2, 3, 2), (0, 0, 15, 2), (2, 2, 1, 2), (0, 0, 11, 4)], Probability: 1.2889140634797513e-05, Active Number: 14
Path: [(0, 0, 14, 2), (2, 2, 3, 2), (0, 0, 15, 2), (2, 2, 1, 2), (0, 0, 14, 1)], Probability: 1.2889140634797513e-05, Active Number: 14
Path: [(0, 0, 14, 3), (2, 2, 3, 3), (0, 0, 3, 15), (1, 1, 2, 3), (0, 0, 13, 3)], Probability: 1.2889140634797513e-05, Active Number: 14
Path: [(0, 0, 14, 3), (2, 2, 3, 3), (0, 0, 3, 15), (1, 1, 2, 3), (0, 0, 15, 1)], Probability: 1.2889140634797513e-05, Active Number: 14
Path: [(0, 0, 14, 3), (2, 2, 3, 3), (0, 0, 15, 3), (2, 2, 1, 3), (0, 0, 3, 13)], Probability: 1.2889140634797513e-05, Active Number: 14
Path: [(0, 0, 14, 3), (2, 2, 3, 3), (0, 0, 15, 3), (2, 2, 1, 3), (0, 0, 7, 9)], Probability: 1.2889140634797513e-05, Active Number: 14
Path: [(0, 0, 14, 3), (2, 2, 3, 3), (0, 0, 15, 3), (2, 2, 1, 3), (0, 0, 11, 5)], Probability: 1.2889140634797513e-05, Active Number: 14
Path: [(0, 0, 14, 3), (2, 2, 3, 3), (0, 0, 15, 3), (2, 2, 1, 3), (0, 0, 15, 1)], Probability: 1.2889140634797513e-05, Active Number: 14
Path: [(0, 0, 14, 12), (3, 3, 3, 2), (0, 0, 14, 15), (3, 3, 2, 3), (0, 0, 13, 15)], Probability: 1.2889140634797513e-05, Active Number: 14
Path: [(0, 0, 14, 12), (3, 3, 3, 2), (0, 0, 14, 15), (3, 3, 2, 3), (0, 0, 15, 13)], Probability: 1.2889140634797513e-05, Active Number: 14
Path: [(0, 0, 14, 12), (3, 3, 3, 2), (0, 0, 15, 14), (3, 3, 1, 3), (0, 0, 15, 13)], Probability: 1.2889140634797513e-05, Active Number: 14
Path: [(0, 0, 14, 13), (3, 3, 2, 2), (0, 0, 12, 15), (3, 3, 2, 1), (0, 0, 13, 14)], Probability: 1.2889140634797513e-05, Active Number: 14
Path: [(0, 0, 14, 13), (3, 3, 2, 2), (0, 0, 12, 15), (3, 3, 2, 1), (0, 0, 15, 12)], Probability: 1.2889140634797513e-05, Active Number: 14
Path: [(0, 0, 14, 13), (3, 3, 2, 2), (0, 0, 13, 14), (3, 3, 1, 1), (0, 0, 15, 12)], Probability: 7.733484380878508e-06, Active Number: 14
Path: [(0, 0, 14, 13), (3, 3, 2, 2), (0, 0, 14, 13), (3, 3, 2, 2), (0, 0, 12, 15)], Probability: 7.733484380878508e-06, Active Number: 14
Path: [(0, 0, 14, 13), (3, 3, 2, 2), (0, 0, 14, 13), (3, 3, 2, 2), (0, 0, 13, 14)], Probability: 7.733484380878508e-06, Active Number: 14
Path: [(0, 0, 14, 13), (3, 3, 2, 2), (0, 0, 14, 13), (3, 3, 2, 2), (0, 0, 14, 13)], Probability: 7.733484380878508e-06, Active Number: 14
Path: [(0, 0, 14, 13), (3, 3, 2, 2), (0, 0, 14, 13), (3, 3, 2, 2), (0, 0, 15, 12)], Probability: 7.733484380878508e-06, Active Number: 14
Path: [(0, 0, 14, 13), (3, 3, 2, 2), (0, 0, 15, 12), (3, 3, 1, 2), (0, 0, 14, 13)], Probability: 1.2889140634797513e-05, Active Number: 14
Path: [(0, 0, 14, 13), (3, 3, 2, 2), (0, 0, 15, 12), (3, 3, 1, 2), (0, 0, 15, 12)], Probability: 1.2889140634797513e-05, Active Number: 14
Path: [(0, 0, 14, 14), (3, 3, 3, 3), (0, 0, 15, 15), (3, 3, 0, 3), (0, 0, 13, 13)], Probability: 5.728506948798895e-05, Active Number: 13
Path: [(0, 0, 14, 15), (3, 3, 2, 3), (0, 0, 13, 15), (3, 3, 0, 1), (0, 0, 13, 12)], Probability: 5.728506948798895e-05, Active Number: 13
Path: [(0, 0, 14, 15), (3, 3, 2, 3), (0, 0, 15, 13), (3, 3, 0, 2), (0, 0, 12, 13)], Probability: 5.728506948798895e-05, Active Number: 13
Path: [(0, 0, 14, 15), (3, 3, 2, 3), (0, 0, 15, 13), (3, 3, 0, 2), (0, 0, 13, 12)], Probability: 5.728506948798895e-05, Active Number: 13
Path: [(0, 0, 15, 0), (2, 2, 0, 2), (0, 0, 1, 12), (1, 1, 3, 0), (0, 0, 14, 2)], Probability: 0.0002444162964820862, Active Number: 11
Path: [(0, 0, 15, 0), (2, 2, 0, 2), (0, 0, 12, 1), (2, 2, 3, 0), (0, 0, 2, 14)], Probability: 0.0002444162964820862, Active Number: 11
Path: [(0, 0, 15, 0), (2, 2, 0, 2), (0, 0, 12, 1), (2, 2, 3, 0), (0, 0, 6, 10)], Probability: 0.0002444162964820862, Active Number: 11
Path: [(0, 0, 15, 0), (2, 2, 0, 2), (0, 0, 12, 1), (2, 2, 3, 0), (0, 0, 10, 6)], Probability: 0.0002444162964820862, Active Number: 11
Path: [(0, 0, 15, 0), (2, 2, 0, 2), (0, 0, 12, 1), (2, 2, 3, 0), (0, 0, 14, 2)], Probability: 0.0002444162964820862, Active Number: 11
Path: [(0, 0, 15, 0), (2, 2, 0, 2), (0, 0, 13, 0), (2, 2, 0, 0), (0, 0, 4, 8)], Probability: 0.0017380714416503906, Active Number: 9
Path: [(0, 0, 15, 0), (2, 2, 0, 2), (0, 0, 13, 0), (2, 2, 0, 0), (0, 0, 8, 4)], Probability: 0.0017380714416503906, Active Number: 9
Path: [(0, 0, 15, 1), (2, 2, 1, 2), (0, 0, 2, 13), (1, 1, 0, 2), (0, 0, 12, 1)], Probability: 3.437104169279337e-05, Active Number: 13
Path: [(0, 0, 15, 1), (2, 2, 1, 2), (0, 0, 2, 13), (1, 1, 2, 0), (0, 0, 12, 2)], Probability: 3.437104169279337e-05, Active Number: 13
Path: [(0, 0, 15, 1), (2, 2, 1, 2), (0, 0, 3, 12), (1, 1, 3, 2), (0, 0, 14, 3)], Probability: 1.2889140634797513e-05, Active Number: 14
Path: [(0, 0, 15, 1), (2, 2, 1, 2), (0, 0, 3, 12), (1, 1, 3, 2), (0, 0, 15, 2)], Probability: 1.2889140634797513e-05, Active Number: 14
Path: [(0, 0, 15, 1), (2, 2, 1, 2), (0, 0, 14, 1), (2, 2, 3, 2), (0, 0, 2, 15)], Probability: 1.2889140634797513e-05, Active Number: 14
Path: [(0, 0, 15, 1), (2, 2, 1, 2), (0, 0, 14, 1), (2, 2, 3, 2), (0, 0, 3, 14)], Probability: 1.2889140634797513e-05, Active Number: 14
Path: [(0, 0, 15, 1), (2, 2, 1, 2), (0, 0, 14, 1), (2, 2, 3, 2), (0, 0, 6, 11)], Probability: 1.2889140634797513e-05, Active Number: 14
Path: [(0, 0, 15, 1), (2, 2, 1, 2), (0, 0, 14, 1), (2, 2, 3, 2), (0, 0, 7, 10)], Probability: 1.2889140634797513e-05, Active Number: 14
Path: [(0, 0, 15, 1), (2, 2, 1, 2), (0, 0, 14, 1), (2, 2, 3, 2), (0, 0, 10, 7)], Probability: 1.2889140634797513e-05, Active Number: 14
Path: [(0, 0, 15, 1), (2, 2, 1, 2), (0, 0, 14, 1), (2, 2, 3, 2), (0, 0, 11, 6)], Probability: 1.2889140634797513e-05, Active Number: 14
Path: [(0, 0, 15, 1), (2, 2, 1, 2), (0, 0, 14, 1), (2, 2, 3, 2), (0, 0, 14, 3)], Probability: 1.2889140634797513e-05, Active Number: 14
Path: [(0, 0, 15, 1), (2, 2, 1, 2), (0, 0, 14, 1), (2, 2, 3, 2), (0, 0, 15, 2)], Probability: 1.2889140634797513e-05, Active Number: 14
Path: [(0, 0, 15, 1), (2, 2, 1, 2), (0, 0, 15, 0), (2, 2, 0, 2), (0, 0, 1, 12)], Probability: 0.00015276018530130386, Active Number: 12
Path: [(0, 0, 15, 1), (2, 2, 1, 2), (0, 0, 15, 0), (2, 2, 0, 2), (0, 0, 4, 9)], Probability: 0.00015276018530130386, Active Number: 12
Path: [(0, 0, 15, 1), (2, 2, 1, 2), (0, 0, 15, 0), (2, 2, 0, 2), (0, 0, 5, 8)], Probability: 0.00015276018530130386, Active Number: 12
Path: [(0, 0, 15, 1), (2, 2, 1, 2), (0, 0, 15, 0), (2, 2, 0, 2), (0, 0, 8, 5)], Probability: 0.00015276018530130386, Active Number: 12
Path: [(0, 0, 15, 1), (2, 2, 1, 2), (0, 0, 15, 0), (2, 2, 0, 2), (0, 0, 9, 4)], Probability: 0.00015276018530130386, Active Number: 12
Path: [(0, 0, 15, 1), (2, 2, 1, 2), (0, 0, 15, 0), (2, 2, 0, 2), (0, 0, 12, 1)], Probability: 0.00015276018530130386, Active Number: 12
Path: [(0, 0, 15, 2), (2, 2, 0, 3), (0, 0, 1, 13), (1, 1, 2, 0), (0, 0, 12, 2)], Probability: 9.165611118078232e-05, Active Number: 12
Path: [(0, 0, 15, 2), (2, 2, 0, 3), (0, 0, 13, 1), (2, 2, 1, 0), (0, 0, 2, 12)], Probability: 9.165611118078232e-05, Active Number: 12
Path: [(0, 0, 15, 2), (2, 2, 0, 3), (0, 0, 13, 1), (2, 2, 1, 0), (0, 0, 6, 8)], Probability: 9.165611118078232e-05, Active Number: 12
Path: [(0, 0, 15, 2), (2, 2, 0, 3), (0, 0, 13, 1), (2, 2, 1, 0), (0, 0, 10, 4)], Probability: 9.165611118078232e-05, Active Number: 12
Path: [(0, 0, 15, 2), (2, 2, 1, 2), (0, 0, 2, 13), (1, 1, 0, 2), (0, 0, 12, 1)], Probability: 3.437104169279337e-05, Active Number: 13
Path: [(0, 0, 15, 2), (2, 2, 1, 2), (0, 0, 2, 13), (1, 1, 2, 0), (0, 0, 12, 2)], Probability: 3.437104169279337e-05, Active Number: 13
Path: [(0, 0, 15, 2), (2, 2, 1, 2), (0, 0, 3, 12), (1, 1, 3, 2), (0, 0, 14, 3)], Probability: 1.2889140634797513e-05, Active Number: 14
Path: [(0, 0, 15, 2), (2, 2, 1, 2), (0, 0, 3, 12), (1, 1, 3, 2), (0, 0, 15, 2)], Probability: 1.2889140634797513e-05, Active Number: 14
Path: [(0, 0, 15, 2), (2, 2, 1, 2), (0, 0, 14, 1), (2, 2, 3, 2), (0, 0, 2, 15)], Probability: 1.2889140634797513e-05, Active Number: 14
Path: [(0, 0, 15, 2), (2, 2, 1, 2), (0, 0, 14, 1), (2, 2, 3, 2), (0, 0, 3, 14)], Probability: 1.2889140634797513e-05, Active Number: 14
Path: [(0, 0, 15, 2), (2, 2, 1, 2), (0, 0, 14, 1), (2, 2, 3, 2), (0, 0, 6, 11)], Probability: 1.2889140634797513e-05, Active Number: 14
Path: [(0, 0, 15, 2), (2, 2, 1, 2), (0, 0, 14, 1), (2, 2, 3, 2), (0, 0, 7, 10)], Probability: 1.2889140634797513e-05, Active Number: 14
Path: [(0, 0, 15, 2), (2, 2, 1, 2), (0, 0, 14, 1), (2, 2, 3, 2), (0, 0, 10, 7)], Probability: 1.2889140634797513e-05, Active Number: 14
Path: [(0, 0, 15, 2), (2, 2, 1, 2), (0, 0, 14, 1), (2, 2, 3, 2), (0, 0, 11, 6)], Probability: 1.2889140634797513e-05, Active Number: 14
Path: [(0, 0, 15, 2), (2, 2, 1, 2), (0, 0, 14, 1), (2, 2, 3, 2), (0, 0, 14, 3)], Probability: 1.2889140634797513e-05, Active Number: 14
Path: [(0, 0, 15, 2), (2, 2, 1, 2), (0, 0, 14, 1), (2, 2, 3, 2), (0, 0, 15, 2)], Probability: 1.2889140634797513e-05, Active Number: 14
Path: [(0, 0, 15, 2), (2, 2, 1, 2), (0, 0, 15, 0), (2, 2, 0, 2), (0, 0, 1, 12)], Probability: 0.00015276018530130386, Active Number: 12
Path: [(0, 0, 15, 2), (2, 2, 1, 2), (0, 0, 15, 0), (2, 2, 0, 2), (0, 0, 4, 9)], Probability: 0.00015276018530130386, Active Number: 12
Path: [(0, 0, 15, 2), (2, 2, 1, 2), (0, 0, 15, 0), (2, 2, 0, 2), (0, 0, 5, 8)], Probability: 0.00015276018530130386, Active Number: 12
Path: [(0, 0, 15, 2), (2, 2, 1, 2), (0, 0, 15, 0), (2, 2, 0, 2), (0, 0, 8, 5)], Probability: 0.00015276018530130386, Active Number: 12
Path: [(0, 0, 15, 2), (2, 2, 1, 2), (0, 0, 15, 0), (2, 2, 0, 2), (0, 0, 9, 4)], Probability: 0.00015276018530130386, Active Number: 12
Path: [(0, 0, 15, 2), (2, 2, 1, 2), (0, 0, 15, 0), (2, 2, 0, 2), (0, 0, 12, 1)], Probability: 0.00015276018530130386, Active Number: 12
Path: [(0, 0, 15, 3), (2, 2, 1, 3), (0, 0, 3, 13), (1, 1, 2, 2), (0, 0, 12, 3)], Probability: 1.2889140634797513e-05, Active Number: 14
Path: [(0, 0, 15, 3), (2, 2, 1, 3), (0, 0, 3, 13), (1, 1, 2, 2), (0, 0, 13, 2)], Probability: 1.2889140634797513e-05, Active Number: 14
Path: [(0, 0, 15, 3), (2, 2, 1, 3), (0, 0, 3, 13), (1, 1, 2, 2), (0, 0, 14, 1)], Probability: 1.2889140634797513e-05, Active Number: 14
Path: [(0, 0, 15, 3), (2, 2, 1, 3), (0, 0, 15, 1), (2, 2, 1, 2), (0, 0, 2, 13)], Probability: 2.1481901057995856e-05, Active Number: 14
Path: [(0, 0, 15, 3), (2, 2, 1, 3), (0, 0, 15, 1), (2, 2, 1, 2), (0, 0, 3, 12)], Probability: 2.1481901057995856e-05, Active Number: 14
Path: [(0, 0, 15, 3), (2, 2, 1, 3), (0, 0, 15, 1), (2, 2, 1, 2), (0, 0, 6, 9)], Probability: 2.1481901057995856e-05, Active Number: 14
Path: [(0, 0, 15, 3), (2, 2, 1, 3), (0, 0, 15, 1), (2, 2, 1, 2), (0, 0, 7, 8)], Probability: 2.1481901057995856e-05, Active Number: 14
Path: [(0, 0, 15, 3), (2, 2, 1, 3), (0, 0, 15, 1), (2, 2, 1, 2), (0, 0, 10, 5)], Probability: 2.1481901057995856e-05, Active Number: 14
Path: [(0, 0, 15, 3), (2, 2, 1, 3), (0, 0, 15, 1), (2, 2, 1, 2), (0, 0, 11, 4)], Probability: 2.1481901057995856e-05, Active Number: 14
Path: [(0, 0, 15, 3), (2, 2, 1, 3), (0, 0, 15, 1), (2, 2, 1, 2), (0, 0, 14, 1)], Probability: 2.1481901057995856e-05, Active Number: 14
Path: [(0, 0, 15, 12), (3, 3, 1, 2), (0, 0, 14, 13), (3, 3, 2, 2), (0, 0, 12, 15)], Probability: 1.2889140634797513e-05, Active Number: 14
Path: [(0, 0, 15, 12), (3, 3, 1, 2), (0, 0, 14, 13), (3, 3, 2, 2), (0, 0, 13, 14)], Probability: 1.2889140634797513e-05, Active Number: 14
Path: [(0, 0, 15, 12), (3, 3, 1, 2), (0, 0, 14, 13), (3, 3, 2, 2), (0, 0, 14, 13)], Probability: 1.2889140634797513e-05, Active Number: 14
Path: [(0, 0, 15, 12), (3, 3, 1, 2), (0, 0, 14, 13), (3, 3, 2, 2), (0, 0, 15, 12)], Probability: 1.2889140634797513e-05, Active Number: 14
Path: [(0, 0, 15, 12), (3, 3, 1, 2), (0, 0, 15, 12), (3, 3, 1, 2), (0, 0, 14, 13)], Probability: 2.1481901057995856e-05, Active Number: 14
Path: [(0, 0, 15, 12), (3, 3, 1, 2), (0, 0, 15, 12), (3, 3, 1, 2), (0, 0, 15, 12)], Probability: 2.1481901057995856e-05, Active Number: 14
Path: [(0, 0, 15, 13), (3, 3, 0, 2), (0, 0, 12, 13), (3, 3, 2, 0), (0, 0, 12, 14)], Probability: 9.165611118078232e-05, Active Number: 12
Path: [(0, 0, 15, 13), (3, 3, 0, 2), (0, 0, 12, 13), (3, 3, 2, 0), (0, 0, 14, 12)], Probability: 9.165611118078232e-05, Active Number: 12
Path: [(0, 0, 15, 13), (3, 3, 0, 2), (0, 0, 13, 12), (3, 3, 1, 0), (0, 0, 14, 12)], Probability: 9.165611118078232e-05, Active Number: 12
Path: [(0, 0, 15, 14), (3, 3, 1, 3), (0, 0, 15, 13), (3, 3, 0, 2), (0, 0, 12, 13)], Probability: 5.728506948798895e-05, Active Number: 13
Path: [(0, 0, 15, 14), (3, 3, 1, 3), (0, 0, 15, 13), (3, 3, 0, 2), (0, 0, 13, 12)], Probability: 5.728506948798895e-05, Active Number: 13
Path: [(0, 0, 15, 15), (3, 3, 0, 3), (0, 0, 13, 13), (3, 3, 0, 0), (0, 0, 12, 12)], Probability: 0.0004073604941368103, Active Number: 11
Path: [(1, 1, 1, 1), (0, 0, 15, 0), (2, 2, 0, 2), (0, 0, 0, 13), (1, 1, 0, 0)], Probability: 0.0002444162964820862, Active Number: 11
Path: [(1, 1, 1, 1), (0, 0, 15, 0), (2, 2, 0, 2), (0, 0, 13, 0), (2, 2, 0, 0)], Probability: 0.0002444162964820862, Active Number: 11
Path: [(1, 1, 1, 2), (0, 0, 15, 0), (2, 2, 0, 2), (0, 0, 0, 13), (1, 1, 0, 0)], Probability: 0.0002444162964820862, Active Number: 11
Path: [(1, 1, 1, 2), (0, 0, 15, 0), (2, 2, 0, 2), (0, 0, 13, 0), (2, 2, 0, 0)], Probability: 0.0002444162964820862, Active Number: 11
Path: [(1, 1, 2, 1), (0, 0, 13, 2), (2, 2, 0, 1), (0, 0, 13, 0), (2, 2, 0, 0)], Probability: 5.499366670846939e-05, Active Number: 12
Path: [(1, 1, 2, 1), (0, 0, 15, 0), (2, 2, 0, 2), (0, 0, 0, 13), (1, 1, 0, 0)], Probability: 0.0002444162964820862, Active Number: 11
Path: [(1, 1, 2, 1), (0, 0, 15, 0), (2, 2, 0, 2), (0, 0, 13, 0), (2, 2, 0, 0)], Probability: 0.0002444162964820862, Active Number: 11
Path: [(1, 1, 2, 2), (0, 0, 13, 2), (2, 2, 0, 1), (0, 0, 13, 0), (2, 2, 0, 0)], Probability: 5.499366670846939e-05, Active Number: 12
Path: [(1, 1, 2, 2), (0, 0, 15, 0), (2, 2, 0, 2), (0, 0, 0, 13), (1, 1, 0, 0)], Probability: 0.0002444162964820862, Active Number: 11
Path: [(1, 1, 2, 2), (0, 0, 15, 0), (2, 2, 0, 2), (0, 0, 13, 0), (2, 2, 0, 0)], Probability: 0.0002444162964820862, Active Number: 11
Path: [(1, 2, 1, 1), (0, 0, 15, 0), (2, 2, 0, 2), (0, 0, 0, 13), (1, 1, 0, 0)], Probability: 0.0002444162964820862, Active Number: 11
Path: [(1, 2, 1, 1), (0, 0, 15, 0), (2, 2, 0, 2), (0, 0, 13, 0), (2, 2, 0, 0)], Probability: 0.0002444162964820862, Active Number: 11
Path: [(1, 2, 1, 2), (0, 0, 15, 0), (2, 2, 0, 2), (0, 0, 0, 13), (1, 1, 0, 0)], Probability: 0.0002444162964820862, Active Number: 11
Path: [(1, 2, 1, 2), (0, 0, 15, 0), (2, 2, 0, 2), (0, 0, 13, 0), (2, 2, 0, 0)], Probability: 0.0002444162964820862, Active Number: 11
Path: [(1, 2, 2, 1), (0, 0, 13, 2), (2, 2, 0, 1), (0, 0, 13, 0), (2, 2, 0, 0)], Probability: 5.499366670846939e-05, Active Number: 12
Path: [(1, 2, 2, 1), (0, 0, 15, 0), (2, 2, 0, 2), (0, 0, 0, 13), (1, 1, 0, 0)], Probability: 0.0002444162964820862, Active Number: 11
Path: [(1, 2, 2, 1), (0, 0, 15, 0), (2, 2, 0, 2), (0, 0, 13, 0), (2, 2, 0, 0)], Probability: 0.0002444162964820862, Active Number: 11
Path: [(1, 2, 2, 2), (0, 0, 13, 2), (2, 2, 0, 1), (0, 0, 13, 0), (2, 2, 0, 0)], Probability: 5.499366670846939e-05, Active Number: 12
Path: [(1, 2, 2, 2), (0, 0, 15, 0), (2, 2, 0, 2), (0, 0, 0, 13), (1, 1, 0, 0)], Probability: 0.0002444162964820862, Active Number: 11
Path: [(1, 2, 2, 2), (0, 0, 15, 0), (2, 2, 0, 2), (0, 0, 13, 0), (2, 2, 0, 0)], Probability: 0.0002444162964820862, Active Number: 11
Path: [(2, 1, 1, 1), (0, 0, 15, 0), (2, 2, 0, 2), (0, 0, 0, 13), (1, 1, 0, 0)], Probability: 0.0002444162964820862, Active Number: 11
Path: [(2, 1, 1, 1), (0, 0, 15, 0), (2, 2, 0, 2), (0, 0, 13, 0), (2, 2, 0, 0)], Probability: 0.0002444162964820862, Active Number: 11
Path: [(2, 1, 1, 2), (0, 0, 15, 0), (2, 2, 0, 2), (0, 0, 0, 13), (1, 1, 0, 0)], Probability: 0.0002444162964820862, Active Number: 11
Path: [(2, 1, 1, 2), (0, 0, 15, 0), (2, 2, 0, 2), (0, 0, 13, 0), (2, 2, 0, 0)], Probability: 0.0002444162964820862, Active Number: 11
Path: [(2, 1, 2, 1), (0, 0, 13, 2), (2, 2, 0, 1), (0, 0, 13, 0), (2, 2, 0, 0)], Probability: 5.499366670846939e-05, Active Number: 12
Path: [(2, 1, 2, 1), (0, 0, 15, 0), (2, 2, 0, 2), (0, 0, 0, 13), (1, 1, 0, 0)], Probability: 0.0002444162964820862, Active Number: 11
Path: [(2, 1, 2, 1), (0, 0, 15, 0), (2, 2, 0, 2), (0, 0, 13, 0), (2, 2, 0, 0)], Probability: 0.0002444162964820862, Active Number: 11
Path: [(2, 1, 2, 2), (0, 0, 13, 2), (2, 2, 0, 1), (0, 0, 13, 0), (2, 2, 0, 0)], Probability: 5.499366670846939e-05, Active Number: 12
Path: [(2, 1, 2, 2), (0, 0, 15, 0), (2, 2, 0, 2), (0, 0, 0, 13), (1, 1, 0, 0)], Probability: 0.0002444162964820862, Active Number: 11
Path: [(2, 1, 2, 2), (0, 0, 15, 0), (2, 2, 0, 2), (0, 0, 13, 0), (2, 2, 0, 0)], Probability: 0.0002444162964820862, Active Number: 11
Path: [(2, 2, 1, 1), (0, 0, 15, 0), (2, 2, 0, 2), (0, 0, 0, 13), (1, 1, 0, 0)], Probability: 0.0002444162964820862, Active Number: 11
Path: [(2, 2, 1, 1), (0, 0, 15, 0), (2, 2, 0, 2), (0, 0, 13, 0), (2, 2, 0, 0)], Probability: 0.0002444162964820862, Active Number: 11
Path: [(2, 2, 1, 2), (0, 0, 2, 13), (1, 1, 0, 2), (0, 0, 13, 0), (2, 2, 0, 0)], Probability: 5.499366670846939e-05, Active Number: 12
Path: [(2, 2, 1, 2), (0, 0, 15, 0), (2, 2, 0, 2), (0, 0, 0, 13), (1, 1, 0, 0)], Probability: 0.0002444162964820862, Active Number: 11
Path: [(2, 2, 1, 2), (0, 0, 15, 0), (2, 2, 0, 2), (0, 0, 13, 0), (2, 2, 0, 0)], Probability: 0.0002444162964820862, Active Number: 11
Path: [(2, 2, 2, 1), (0, 0, 13, 2), (2, 2, 0, 1), (0, 0, 13, 0), (2, 2, 0, 0)], Probability: 5.499366670846939e-05, Active Number: 12
Path: [(2, 2, 2, 1), (0, 0, 15, 0), (2, 2, 0, 2), (0, 0, 0, 13), (1, 1, 0, 0)], Probability: 0.0002444162964820862, Active Number: 11
Path: [(2, 2, 2, 1), (0, 0, 15, 0), (2, 2, 0, 2), (0, 0, 13, 0), (2, 2, 0, 0)], Probability: 0.0002444162964820862, Active Number: 11
Path: [(2, 2, 2, 2), (0, 0, 0, 15), (1, 1, 0, 1), (0, 0, 13, 0), (2, 2, 0, 0)], Probability: 0.0002444162964820862, Active Number: 11
Path: [(2, 2, 2, 2), (0, 0, 2, 13), (1, 1, 0, 2), (0, 0, 13, 0), (2, 2, 0, 0)], Probability: 5.499366670846939e-05, Active Number: 12
Path: [(2, 2, 2, 2), (0, 0, 13, 2), (2, 2, 0, 1), (0, 0, 13, 0), (2, 2, 0, 0)], Probability: 5.499366670846939e-05, Active Number: 12
Path: [(2, 2, 2, 2), (0, 0, 15, 0), (2, 2, 0, 2), (0, 0, 0, 13), (1, 1, 0, 0)], Probability: 0.0002444162964820862, Active Number: 11
Path: [(2, 2, 2, 2), (0, 0, 15, 0), (2, 2, 0, 2), (0, 0, 13, 0), (2, 2, 0, 0)], Probability: 0.0002444162964820862, Active Number: 11
Path: [(3, 3, 3, 3), (0, 0, 15, 15), (3, 3, 0, 3), (0, 0, 13, 13), (3, 3, 0, 0)], Probability: 5.728506948798895e-05, Active Number: 13
Path: [(12, 12, 12, 12), (15, 15, 15, 0), (14, 14, 0, 14), (13, 13, 13, 13), (15, 15, 0, 0)], Probability: 5.034820560467779e-06, Active Number: 16
Path: [(13, 13, 13, 13), (15, 15, 0, 0), (12, 12, 0, 12), (13, 13, 13, 0), (14, 14, 0, 0)], Probability: 2.1481901057995856e-05, Active Number: 14
Path: [(14, 14, 14, 14), (15, 15, 15, 15), (15, 15, 0, 15), (13, 13, 0, 13), (13, 13, 0, 0)], Probability: 3.884892407768348e-05, Active Number: 16
Path: [(15, 15, 15, 15), (15, 15, 0, 15), (13, 13, 0, 13), (13, 13, 0, 0), (12, 12, 0, 0)], Probability: 0.00027625901566352695, Active Number: 14

most optimized path is  [(0, 0, 0, 3), (0, 0, 1, 1), (0, 0, 3, 0), (0, 0, 2, 2), (0, 0, 1, 2)]

prob of maxPath  0.002780914306640625
